b 0
w 2,5 2 0,1 1
w 1,5 2 0,1 1
w 2 2,5 1 0,1
w 2 1,5 1 0,1
b 1
w 2,5 4 0,1 1
w 1,5 4 0,1 1
w 2 4,5 1 0,1
w 2 3,5 1 0,1
b 2
w 2,5 6 0,1 1
w 1,5 6 0,1 1
w 2 6,5 1 0,1
w 2 5,5 1 0,1
b 3
w 0,5 8 0,1 1
w -0,5 8 0,1 1
w 0 7,5 1 0,1
w 0,5 9 0,1 1
w -0,5 9 0,1 1
w 0 9,5 1 0,1
w -0,25 9,5 0,5 0,05
w -0,25 8,5 0,5 0,05
w 0,25 9,5 0,5 0,05
w 0,25 8,5 0,5 0,05
b 4
w 2,5 0 0,1 1
w 1,5 0 0,1 1
w 2 0,5 1 0,1
w 2 -0,5 1 0,1
b 5
w 2,5 8 0,1 1
w 1,5 8 0,1 1
w 2 7,5 1 0,1
w 2,5 9 0,1 1
w 1,5 9 0,1 1
w 2 9,5 1 0,1
w 1,75 9,5 0,5 0,05
w 1,75 8,5 0,5 0,05
w 2,25 9,5 0,5 0,05
w 2,25 8,5 0,5 0,05
b 6
w 6,5 2 0,1 1
w 5,5 2 0,1 1
w 6 1,5 1 0,1
w 6,5 3 0,1 1
w 5,5 3 0,1 1
w 6,5 4 0,1 1
w 5,5 4 0,1 1
w 6 4,5 1 0,1
b 7
w 6,5 6 0,1 1
w 5,5 6 0,1 1
w 6 5,5 1 0,1
w 6,5 7 0,1 1
w 5,5 7 0,1 1
w 6,5 8 0,1 1
w 5,5 8 0,1 1
w 6,5 9 0,1 1
w 5,5 9 0,1 1
w 6 9,5 1 0,1
w 5,75 9,5 0,5 0,05
w 5,75 8,5 0,5 0,05
w 6,25 9,5 0,5 0,05
w 6,25 8,5 0,5 0,05
b 8
w 6,5 0 0,1 1
w 5,5 0 0,1 1
w 6 0,5 1 0,1
w 6 -0,5 1 0,1
b 9
w 7,5 0 0,1 1
w 8 0,5 1 0,1
w 8 -0,5 1 0,1
w 9,5 0 0,1 1
w 9 0,5 1 0,1
w 9 -0,5 1 0,1
w 8,5 0,25 0,05 0,5
w 8,5 -0,25 0,05 0,5
w 9,5 0,25 0,05 0,5
w 9,5 -0,25 0,05 0,5
b 10
w 7,5 2 0,1 1
w 8 2,5 1 0,1
w 8 1,5 1 0,1
w 9,5 2 0,1 1
w 9 2,5 1 0,1
w 9 1,5 1 0,1
w 8,5 2,25 0,05 0,5
w 8,5 1,75 0,05 0,5
w 9,5 2,25 0,05 0,5
w 9,5 1,75 0,05 0,5
b 11
w 7,5 4 0,1 1
w 8 4,5 1 0,1
w 8 3,5 1 0,1
w 9,5 4 0,1 1
w 9 4,5 1 0,1
w 9 3,5 1 0,1
w 8,5 4,25 0,05 0,5
w 8,5 3,75 0,05 0,5
w 9,5 4,25 0,05 0,5
w 9,5 3,75 0,05 0,5
b 12
w 7,5 6 0,1 1
w 8 6,5 1 0,1
w 8 5,5 1 0,1
w 9,5 6 0,1 1
w 9 6,5 1 0,1
w 9 5,5 1 0,1
w 8,5 6,25 0,05 0,5
w 8,5 5,75 0,05 0,5
w 9,5 6,25 0,05 0,5
w 9,5 5,75 0,05 0,5
b 13
w 7,5 8 0,1 1
w 8 7,5 1 0,1
w 7,75 8,5 0,5 0,05
w 7,75 7,5 0,5 0,05
w 8,25 8,5 0,5 0,05
w 8,25 7,5 0,5 0,05
w 7,5 9 0,1 1
w 8 9,5 1 0,1
w 9,5 9 0,1 1
w 9 9,5 1 0,1
w 9,5 8 0,1 1
w 9 7,5 1 0,1
w 8,75 8,5 0,5 0,05
w 8,75 7,5 0,5 0,05
w 9,25 8,5 0,5 0,05
w 9,25 7,5 0,5 0,05
b 14
w -0,5 2 0,1 1
w 0 2,5 1 0,1
w 0 1,5 1 0,1
w -0,25 2,5 0,5 0,05
w -0,25 1,5 0,5 0,05
w 0,25 2,5 0,5 0,05
w 0,25 1,5 0,5 0,05
w 1,5 2 0,1 1
w 1 2,5 1 0,1
w 1 1,5 1 0,1
w 0,75 2,5 0,5 0,05
w 0,75 1,5 0,5 0,05
w 1,25 2,5 0,5 0,05
w 1,25 1,5 0,5 0,05
b 15
w -0,5 4 0,1 1
w 0 4,5 1 0,1
w 0 3,5 1 0,1
w -0,25 4,5 0,5 0,05
w -0,25 3,5 0,5 0,05
w 0,25 4,5 0,5 0,05
w 0,25 3,5 0,5 0,05
w 1,5 4 0,1 1
w 1 4,5 1 0,1
w 1 3,5 1 0,1
w 0,75 4,5 0,5 0,05
w 0,75 3,5 0,5 0,05
w 1,25 4,5 0,5 0,05
w 1,25 3,5 0,5 0,05
b 16
w -0,5 6 0,1 1
w 0 6,5 1 0,1
w 0 5,5 1 0,1
w -0,25 6,5 0,5 0,05
w -0,25 5,5 0,5 0,05
w 0,25 6,5 0,5 0,05
w 0,25 5,5 0,5 0,05
w 1,5 6 0,1 1
w 1 6,5 1 0,1
w 1 5,5 1 0,1
w 0,75 6,5 0,5 0,05
w 0,75 5,5 0,5 0,05
w 1,25 6,5 0,5 0,05
w 1,25 5,5 0,5 0,05
b 17
w 3,5 2 0,1 1
w 4 2,5 1 0,1
w 4 1,5 1 0,1
w 5,5 2 0,1 1
w 5 2,5 1 0,1
w 5 1,5 1 0,1
b 18
w 3,5 8 0,1 1
w 4 7,5 1 0,1
w 3,75 8,5 0,5 0,05
w 3,75 7,5 0,5 0,05
w 4,25 8,5 0,5 0,05
w 4,25 7,5 0,5 0,05
w 3,5 9 0,1 1
w 4 9,5 1 0,1
w 5,5 9 0,1 1
w 5 9,5 1 0,1
w 5,5 8 0,1 1
w 5 7,5 1 0,1
w 4,75 8,5 0,5 0,05
w 4,75 7,5 0,5 0,05
w 5,25 8,5 0,5 0,05
w 5,25 7,5 0,5 0,05
b 19
w 0,5 0 0,1 1
w -0,5 0 0,1 1
w 0 -0,5 1 0,1
w -0,5 0,25 0,05 0,5
w -0,5 -0,25 0,05 0,5
w 0,5 0,25 0,05 0,5
w 0,5 -0,25 0,05 0,5
w 0,5 1 0,1 1
w -0,5 1 0,1 1
w 0 1,5 1 0,1
w -0,5 1,25 0,05 0,5
w -0,5 0,75 0,05 0,5
w 0,5 1,25 0,05 0,5
w 0,5 0,75 0,05 0,5
b 20
w 4,5 0 0,1 1
w 3,5 0 0,1 1
w 4 -0,5 1 0,1
w 3,5 0,25 0,05 0,5
w 3,5 -0,25 0,05 0,5
w 4,5 0,25 0,05 0,5
w 4,5 -0,25 0,05 0,5
w 4,5 1 0,1 1
w 3,5 1 0,1 1
w 4 1,5 1 0,1
w 3,5 1,25 0,05 0,5
w 3,5 0,75 0,05 0,5
w 4,5 1,25 0,05 0,5
w 4,5 0,75 0,05 0,5
b 21
w 4,5 4 0,1 1
w 3,5 4 0,1 1
w 4 3,5 1 0,1
w 4,5 5 0,1 1
w 3,5 5 0,1 1
w 3,5 6 0,1 1
w 3,75 6,5 0,5 0,05
w 3,75 5,5 0,5 0,05
w 4,25 6,5 0,5 0,05
w 4,25 5,5 0,5 0,05
w 3,5 7 0,1 1
w 4 7,5 1 0,1
w 5,5 7 0,1 1
w 5 7,5 1 0,1
w 5,5 6 0,1 1
w 5 5,5 1 0,1
w 4,75 6,5 0,5 0,05
w 4,75 5,5 0,5 0,05
w 5,25 6,5 0,5 0,05
w 5,25 5,5 0,5 0,05
r 1 0
r 1 8
r 1 9
r 3 0
r 3 2
r 3 4
r 3 6
r 3 8
r 3 9
r 5 0
r 5 4
r 7 0
r 7 2
r 7 4
r 7 6
r 7 8
r 7 9
r 2 1
r 6 1
r 8 1
r 9 1
r 0 3
r 2 3
r 4 3
r 8 3
r 9 3
r 0 5
r 2 5
r 6 5
r 8 5
r 9 5
r 0 7
r 2 7
r 8 7
r 9 7
