b 0
w -0,5 0 0,1 1
w 0 -0,5 1 0,1
w -0,5 1 0,1 1
w -0,25 1,5 0,5 0,05
w -0,25 0,5 0,5 0,05
w 0,25 1,5 0,5 0,05
w 0,25 0,5 0,5 0,05
w -0,5 2 0,1 1
w -0,5 3 0,1 1
w 0 3,5 1 0,1
w 1 3,5 1 0,1
w 1,5 3,25 0,05 0,5
w 1,5 2,75 0,05 0,5
w 1,5 2,25 0,05 0,5
w 1,5 1,75 0,05 0,5
w 0,75 1,5 0,5 0,05
w 0,75 0,5 0,5 0,05
w 1,25 1,5 0,5 0,05
w 1,25 0,5 0,5 0,05
w 1 -0,5 1 0,1
w 1,5 0,25 0,05 0,5
w 1,5 -0,25 0,05 0,5
w 2 -0,5 1 0,1
w 1,75 1,5 0,5 0,05
w 1,75 0,5 0,5 0,05
w 2,25 1,5 0,5 0,05
w 2,25 0,5 0,5 0,05
w 2 3,5 1 0,1
w 3,5 3 0,1 1
w 3 3,5 1 0,1
w 3,5 2 0,1 1
w 3,5 1 0,1 1
w 2,75 1,5 0,5 0,05
w 2,75 0,5 0,5 0,05
w 3,25 1,5 0,5 0,05
w 3,25 0,5 0,5 0,05
w 3,5 0 0,1 1
w 3 -0,5 1 0,1
b 1
w 4,5 8 0,1 1
w 5 8,5 1 0,1
w 4,5 7 0,1 1
w 4,5 6 0,1 1
w 4,75 6,5 0,5 0,05
w 4,75 5,5 0,5 0,05
w 5,25 6,5 0,5 0,05
w 5,25 5,5 0,5 0,05
w 4,5 5 0,1 1
w 5 4,5 1 0,1
w 6 4,5 1 0,1
w 5,75 6,5 0,5 0,05
w 5,75 5,5 0,5 0,05
w 6,25 6,5 0,5 0,05
w 6,25 5,5 0,5 0,05
w 6 8,5 1 0,1
w 7 8,5 1 0,1
w 6,75 6,5 0,5 0,05
w 6,75 5,5 0,5 0,05
w 7,25 6,5 0,5 0,05
w 7,25 5,5 0,5 0,05
w 7 4,5 1 0,1
w 8,5 5 0,1 1
w 8 4,5 1 0,1
w 8,5 6 0,1 1
w 7,75 6,5 0,5 0,05
w 7,75 5,5 0,5 0,05
w 8,25 6,5 0,5 0,05
w 8,25 5,5 0,5 0,05
w 8,5 7 0,1 1
w 8,5 8 0,1 1
w 8 8,5 1 0,1
b 2
w 4,5 13 0,1 1
w 5 13,5 1 0,1
w 4,5 12 0,1 1
w 4,5 11 0,1 1
w 4,75 11,5 0,5 0,05
w 4,75 10,5 0,5 0,05
w 5,25 11,5 0,5 0,05
w 5,25 10,5 0,5 0,05
w 4,5 10 0,1 1
w 5 9,5 1 0,1
w 6 9,5 1 0,1
w 5,75 11,5 0,5 0,05
w 5,75 10,5 0,5 0,05
w 6,25 11,5 0,5 0,05
w 6,25 10,5 0,5 0,05
w 6 13,5 1 0,1
w 7 13,5 1 0,1
w 6,75 11,5 0,5 0,05
w 6,75 10,5 0,5 0,05
w 7,25 11,5 0,5 0,05
w 7,25 10,5 0,5 0,05
w 7 9,5 1 0,1
w 8,5 10 0,1 1
w 8 9,5 1 0,1
w 8,5 11 0,1 1
w 7,75 11,5 0,5 0,05
w 7,75 10,5 0,5 0,05
w 8,25 11,5 0,5 0,05
w 8,25 10,5 0,5 0,05
w 8,5 12 0,1 1
w 8,5 13 0,1 1
w 8 13,5 1 0,1
b 3
w 9,5 18 0,1 1
w 10 18,5 1 0,1
w 9,5 17 0,1 1
w 9,5 16 0,1 1
w 9,75 16,5 0,5 0,05
w 9,75 15,5 0,5 0,05
w 10,25 16,5 0,5 0,05
w 10,25 15,5 0,5 0,05
w 9,5 15 0,1 1
w 10 14,5 1 0,1
w 11 14,5 1 0,1
w 10,75 16,5 0,5 0,05
w 10,75 15,5 0,5 0,05
w 11,25 16,5 0,5 0,05
w 11,25 15,5 0,5 0,05
w 11 18,5 1 0,1
w 12 18,5 1 0,1
w 11,75 16,5 0,5 0,05
w 11,75 15,5 0,5 0,05
w 12,25 16,5 0,5 0,05
w 12,25 15,5 0,5 0,05
w 12 14,5 1 0,1
w 13,5 15 0,1 1
w 13 14,5 1 0,1
w 13,5 16 0,1 1
w 12,75 16,5 0,5 0,05
w 12,75 15,5 0,5 0,05
w 13,25 16,5 0,5 0,05
w 13,25 15,5 0,5 0,05
w 13,5 17 0,1 1
w 13,5 18 0,1 1
w 13 18,5 1 0,1
b 4
w -0,5 20 0,1 1
w 0 19,5 1 0,1
w -0,5 21 0,1 1
w -0,25 21,5 0,5 0,05
w -0,25 20,5 0,5 0,05
w 0,25 21,5 0,5 0,05
w 0,25 20,5 0,5 0,05
w -0,5 22 0,1 1
w -0,5 23 0,1 1
w 0 23,5 1 0,1
w 1 23,5 1 0,1
w 1,5 23,25 0,05 0,5
w 1,5 22,75 0,05 0,5
w 1,5 22,25 0,05 0,5
w 1,5 21,75 0,05 0,5
w 0,75 21,5 0,5 0,05
w 0,75 20,5 0,5 0,05
w 1,25 21,5 0,5 0,05
w 1,25 20,5 0,5 0,05
w 1 19,5 1 0,1
w 1,5 20,25 0,05 0,5
w 1,5 19,75 0,05 0,5
w 2 19,5 1 0,1
w 1,75 21,5 0,5 0,05
w 1,75 20,5 0,5 0,05
w 2,25 21,5 0,5 0,05
w 2,25 20,5 0,5 0,05
w 2 23,5 1 0,1
w 3,5 23 0,1 1
w 3 23,5 1 0,1
w 3,5 22 0,1 1
w 3,5 21 0,1 1
w 2,75 21,5 0,5 0,05
w 2,75 20,5 0,5 0,05
w 3,25 21,5 0,5 0,05
w 3,25 20,5 0,5 0,05
w 3,5 20 0,1 1
w 3 19,5 1 0,1
b 5
w 12,5 33 0,1 1
w 13 33,5 1 0,1
w 12,5 32 0,1 1
w 12,5 31 0,1 1
w 12,75 31,5 0,5 0,05
w 12,75 30,5 0,5 0,05
w 13,25 31,5 0,5 0,05
w 13,25 30,5 0,5 0,05
w 12,5 30 0,1 1
w 13 29,5 1 0,1
w 14 29,5 1 0,1
w 13,75 31,5 0,5 0,05
w 13,75 30,5 0,5 0,05
w 14,25 31,5 0,5 0,05
w 14,25 30,5 0,5 0,05
w 14 33,5 1 0,1
w 15 33,5 1 0,1
w 15,5 33,25 0,05 0,5
w 15,5 32,75 0,05 0,5
w 15,5 32,25 0,05 0,5
w 15,5 31,75 0,05 0,5
w 14,75 31,5 0,5 0,05
w 14,75 30,5 0,5 0,05
w 15,25 31,5 0,5 0,05
w 15,25 30,5 0,5 0,05
w 15 29,5 1 0,1
w 15,5 30,25 0,05 0,5
w 15,5 29,75 0,05 0,5
w 16 29,5 1 0,1
w 15,75 31,5 0,5 0,05
w 15,75 30,5 0,5 0,05
w 16,25 31,5 0,5 0,05
w 16,25 30,5 0,5 0,05
w 16 33,5 1 0,1
w 17 33,5 1 0,1
w 16,75 31,5 0,5 0,05
w 16,75 30,5 0,5 0,05
w 17,25 31,5 0,5 0,05
w 17,25 30,5 0,5 0,05
w 17 29,5 1 0,1
w 18,5 30 0,1 1
w 18 29,5 1 0,1
w 18,5 31 0,1 1
w 17,75 31,5 0,5 0,05
w 17,75 30,5 0,5 0,05
w 18,25 31,5 0,5 0,05
w 18,25 30,5 0,5 0,05
w 18,5 32 0,1 1
w 18,5 33 0,1 1
w 18 33,5 1 0,1
b 6
w 4,5 33 0,1 1
w 5 33,5 1 0,1
w 4,5 32 0,1 1
w 4,5 31 0,1 1
w 4,75 31,5 0,5 0,05
w 4,75 30,5 0,5 0,05
w 5,25 31,5 0,5 0,05
w 5,25 30,5 0,5 0,05
w 4,5 30 0,1 1
w 5 29,5 1 0,1
w 6 29,5 1 0,1
w 5,75 31,5 0,5 0,05
w 5,75 30,5 0,5 0,05
w 6,25 31,5 0,5 0,05
w 6,25 30,5 0,5 0,05
w 6 33,5 1 0,1
w 7 33,5 1 0,1
w 6,75 31,5 0,5 0,05
w 6,75 30,5 0,5 0,05
w 7,25 31,5 0,5 0,05
w 7,25 30,5 0,5 0,05
w 7 29,5 1 0,1
w 8,5 30 0,1 1
w 8 29,5 1 0,1
w 8,5 31 0,1 1
w 7,75 31,5 0,5 0,05
w 7,75 30,5 0,5 0,05
w 8,25 31,5 0,5 0,05
w 8,25 30,5 0,5 0,05
w 8,5 32 0,1 1
w 8,5 33 0,1 1
w 8 33,5 1 0,1
b 7
w -0,5 35 0,1 1
w 0 34,5 1 0,1
w -0,5 36 0,1 1
w -0,25 36,5 0,5 0,05
w 0,25 36,5 0,5 0,05
w -0,5 37 0,1 1
w -0,5 38 0,1 1
w -0,5 39 0,1 1
w 0 39,5 1 0,1
w 1 39,5 1 0,1
w 0,5 39,25 0,05 0,5
w 0,5 38,75 0,05 0,5
w 1,5 39,25 0,05 0,5
w 1,5 38,75 0,05 0,5
w 0,5 38,25 0,05 0,5
w 0,5 37,75 0,05 0,5
w 1,5 38,25 0,05 0,5
w 1,5 37,75 0,05 0,5
w 0,5 37,25 0,05 0,5
w 0,5 36,75 0,05 0,5
w 1,5 37,25 0,05 0,5
w 1,5 36,75 0,05 0,5
w 0,5 36,25 0,05 0,5
w 0,5 35,75 0,05 0,5
w 1,5 36,25 0,05 0,5
w 1,5 35,75 0,05 0,5
w 1 34,5 1 0,1
w 0,5 35,25 0,05 0,5
w 0,5 34,75 0,05 0,5
w 1,5 35,25 0,05 0,5
w 1,5 34,75 0,05 0,5
w 2 34,5 1 0,1
w 1,75 36,5 0,5 0,05
w 2,25 36,5 0,5 0,05
w 2 39,5 1 0,1
w 3,5 39 0,1 1
w 3 39,5 1 0,1
w 3,5 38 0,1 1
w 3,5 37 0,1 1
w 3,5 36 0,1 1
w 2,75 36,5 0,5 0,05
w 3,25 36,5 0,5 0,05
w 3,5 35 0,1 1
w 3 34,5 1 0,1
b 8
w 4,5 0 0,1 1
w 5 -0,5 1 0,1
w 4,5 1 0,1 1
w 4,75 1,5 0,5 0,05
w 4,75 0,5 0,5 0,05
w 5,25 1,5 0,5 0,05
w 5,25 0,5 0,5 0,05
w 4,5 2 0,1 1
w 4,5 3 0,1 1
w 5 3,5 1 0,1
w 6 3,5 1 0,1
w 5,75 1,5 0,5 0,05
w 5,75 0,5 0,5 0,05
w 6,25 1,5 0,5 0,05
w 6,25 0,5 0,5 0,05
w 6 -0,5 1 0,1
w 7 -0,5 1 0,1
w 6,75 1,5 0,5 0,05
w 6,75 0,5 0,5 0,05
w 7,25 1,5 0,5 0,05
w 7,25 0,5 0,5 0,05
w 7 3,5 1 0,1
w 8,5 3 0,1 1
w 8 3,5 1 0,1
w 8,5 2 0,1 1
w 8,5 1 0,1 1
w 7,75 1,5 0,5 0,05
w 7,75 0,5 0,5 0,05
w 8,25 1,5 0,5 0,05
w 8,25 0,5 0,5 0,05
w 8,5 0 0,1 1
w 8 -0,5 1 0,1
b 9
w 9,5 39 0,1 1
w 10 39,5 1 0,1
w 9,5 38 0,1 1
w 9,5 37 0,1 1
w 9,5 36 0,1 1
w 9,5 35 0,1 1
w 10 34,5 1 0,1
w 11 34,5 1 0,1
w 10,5 35,25 0,05 0,5
w 10,5 34,75 0,05 0,5
w 11,5 35,25 0,05 0,5
w 11,5 34,75 0,05 0,5
w 10,5 36,25 0,05 0,5
w 10,5 35,75 0,05 0,5
w 11,5 36,25 0,05 0,5
w 11,5 35,75 0,05 0,5
w 10,5 37,25 0,05 0,5
w 10,5 36,75 0,05 0,5
w 11,5 37,25 0,05 0,5
w 11,5 36,75 0,05 0,5
w 10,5 38,25 0,05 0,5
w 10,5 37,75 0,05 0,5
w 11,5 38,25 0,05 0,5
w 11,5 37,75 0,05 0,5
w 11 39,5 1 0,1
w 10,5 39,25 0,05 0,5
w 10,5 38,75 0,05 0,5
w 11,5 39,25 0,05 0,5
w 11,5 38,75 0,05 0,5
w 12 39,5 1 0,1
w 12 34,5 1 0,1
w 13,5 35 0,1 1
w 13 34,5 1 0,1
w 13,5 36 0,1 1
w 13,5 37 0,1 1
w 13,5 38 0,1 1
w 13,5 39 0,1 1
w 13 39,5 1 0,1
b 10
w 9,5 0 0,1 1
w 10 -0,5 1 0,1
w 9,5 1 0,1 1
w 9,75 1,5 0,5 0,05
w 9,75 0,5 0,5 0,05
w 10,25 1,5 0,5 0,05
w 10,25 0,5 0,5 0,05
w 9,5 2 0,1 1
w 9,5 3 0,1 1
w 10 3,5 1 0,1
w 11 3,5 1 0,1
w 11,5 3,25 0,05 0,5
w 11,5 2,75 0,05 0,5
w 11,5 2,25 0,05 0,5
w 11,5 1,75 0,05 0,5
w 10,75 1,5 0,5 0,05
w 10,75 0,5 0,5 0,05
w 11,25 1,5 0,5 0,05
w 11,25 0,5 0,5 0,05
w 11 -0,5 1 0,1
w 11,5 0,25 0,05 0,5
w 11,5 -0,25 0,05 0,5
w 12 -0,5 1 0,1
w 11,75 1,5 0,5 0,05
w 11,75 0,5 0,5 0,05
w 12,25 1,5 0,5 0,05
w 12,25 0,5 0,5 0,05
w 12 3,5 1 0,1
w 13,5 3 0,1 1
w 13 3,5 1 0,1
w 13,5 2 0,1 1
w 13,5 1 0,1 1
w 12,75 1,5 0,5 0,05
w 12,75 0,5 0,5 0,05
w 13,25 1,5 0,5 0,05
w 13,25 0,5 0,5 0,05
w 13,5 0 0,1 1
w 13 -0,5 1 0,1
b 11
w 29,5 24 0,1 1
w 30 23,5 1 0,1
w 29,5 25 0,1 1
w 29,75 25,5 0,5 0,05
w 30,25 25,5 0,5 0,05
w 29,5 26 0,1 1
w 29,5 27 0,1 1
w 29,5 28 0,1 1
w 30 28,5 1 0,1
w 31 28,5 1 0,1
w 30,5 28,25 0,05 0,5
w 30,5 27,75 0,05 0,5
w 31,5 28,25 0,05 0,5
w 31,5 27,75 0,05 0,5
w 30,5 27,25 0,05 0,5
w 30,5 26,75 0,05 0,5
w 31,5 27,25 0,05 0,5
w 31,5 26,75 0,05 0,5
w 30,5 26,25 0,05 0,5
w 30,5 25,75 0,05 0,5
w 31,5 26,25 0,05 0,5
w 31,5 25,75 0,05 0,5
w 30,5 25,25 0,05 0,5
w 30,5 24,75 0,05 0,5
w 31,5 25,25 0,05 0,5
w 31,5 24,75 0,05 0,5
w 31 23,5 1 0,1
w 30,5 24,25 0,05 0,5
w 30,5 23,75 0,05 0,5
w 31,5 24,25 0,05 0,5
w 31,5 23,75 0,05 0,5
w 32 23,5 1 0,1
w 31,75 25,5 0,5 0,05
w 32,25 25,5 0,5 0,05
w 32 28,5 1 0,1
w 33,5 28 0,1 1
w 33 28,5 1 0,1
w 33,5 27 0,1 1
w 33,5 26 0,1 1
w 33,5 25 0,1 1
w 32,75 25,5 0,5 0,05
w 33,25 25,5 0,5 0,05
w 33,5 24 0,1 1
w 33 23,5 1 0,1
b 12
w 9,5 20 0,1 1
w 10 19,5 1 0,1
w 9,5 21 0,1 1
w 9,75 21,5 0,5 0,05
w 9,75 20,5 0,5 0,05
w 10,25 21,5 0,5 0,05
w 10,25 20,5 0,5 0,05
w 9,5 22 0,1 1
w 9,5 23 0,1 1
w 10 23,5 1 0,1
w 11 23,5 1 0,1
w 10,75 21,5 0,5 0,05
w 10,75 20,5 0,5 0,05
w 11,25 21,5 0,5 0,05
w 11,25 20,5 0,5 0,05
w 11 19,5 1 0,1
w 12 19,5 1 0,1
w 11,75 21,5 0,5 0,05
w 11,75 20,5 0,5 0,05
w 12,25 21,5 0,5 0,05
w 12,25 20,5 0,5 0,05
w 12 23,5 1 0,1
w 13,5 23 0,1 1
w 13 23,5 1 0,1
w 13,5 22 0,1 1
w 13,5 21 0,1 1
w 12,75 21,5 0,5 0,05
w 12,75 20,5 0,5 0,05
w 13,25 21,5 0,5 0,05
w 13,25 20,5 0,5 0,05
w 13,5 20 0,1 1
w 13 19,5 1 0,1
b 13
w 19,5 39 0,1 1
w 20 39,5 1 0,1
w 19,5 38 0,1 1
w 19,5 37 0,1 1
w 19,5 36 0,1 1
w 19,5 35 0,1 1
w 20 34,5 1 0,1
w 21 34,5 1 0,1
w 20,5 35,25 0,05 0,5
w 20,5 34,75 0,05 0,5
w 21,5 35,25 0,05 0,5
w 21,5 34,75 0,05 0,5
w 20,5 36,25 0,05 0,5
w 20,5 35,75 0,05 0,5
w 21,5 36,25 0,05 0,5
w 21,5 35,75 0,05 0,5
w 20,5 37,25 0,05 0,5
w 20,5 36,75 0,05 0,5
w 21,5 37,25 0,05 0,5
w 21,5 36,75 0,05 0,5
w 20,5 38,25 0,05 0,5
w 20,5 37,75 0,05 0,5
w 21,5 38,25 0,05 0,5
w 21,5 37,75 0,05 0,5
w 21 39,5 1 0,1
w 20,5 39,25 0,05 0,5
w 20,5 38,75 0,05 0,5
w 21,5 39,25 0,05 0,5
w 21,5 38,75 0,05 0,5
w 22 39,5 1 0,1
w 22 34,5 1 0,1
w 23,5 35 0,1 1
w 23 34,5 1 0,1
w 23,5 36 0,1 1
w 23,5 37 0,1 1
w 23,5 38 0,1 1
w 23,5 39 0,1 1
w 23 39,5 1 0,1
b 14
w 19,5 5 0,1 1
w 20 4,5 1 0,1
w 19,5 6 0,1 1
w 19,75 6,5 0,5 0,05
w 19,75 5,5 0,5 0,05
w 20,25 6,5 0,5 0,05
w 20,25 5,5 0,5 0,05
w 19,5 7 0,1 1
w 19,5 8 0,1 1
w 20 8,5 1 0,1
w 21 8,5 1 0,1
w 21,5 8,25 0,05 0,5
w 21,5 7,75 0,05 0,5
w 21,5 7,25 0,05 0,5
w 21,5 6,75 0,05 0,5
w 20,75 6,5 0,5 0,05
w 20,75 5,5 0,5 0,05
w 21,25 6,5 0,5 0,05
w 21,25 5,5 0,5 0,05
w 21 4,5 1 0,1
w 21,5 5,25 0,05 0,5
w 21,5 4,75 0,05 0,5
w 22 4,5 1 0,1
w 21,75 6,5 0,5 0,05
w 21,75 5,5 0,5 0,05
w 22,25 6,5 0,5 0,05
w 22,25 5,5 0,5 0,05
w 22 8,5 1 0,1
w 23,5 8 0,1 1
w 23 8,5 1 0,1
w 23,5 7 0,1 1
w 23,5 6 0,1 1
w 22,75 6,5 0,5 0,05
w 22,75 5,5 0,5 0,05
w 23,25 6,5 0,5 0,05
w 23,25 5,5 0,5 0,05
w 23,5 5 0,1 1
w 23 4,5 1 0,1
b 15
w 33,5 39 0,1 1
w 34 39,5 1 0,1
w 33,5 38 0,1 1
w 33,5 37 0,1 1
w 33,75 37,5 0,5 0,05
w 33,75 36,5 0,5 0,05
w 34,25 37,5 0,5 0,05
w 34,25 36,5 0,5 0,05
w 33,5 36 0,1 1
w 33,5 35 0,1 1
w 34 34,5 1 0,1
w 35 34,5 1 0,1
w 34,75 37,5 0,5 0,05
w 34,75 36,5 0,5 0,05
w 35,25 37,5 0,5 0,05
w 35,25 36,5 0,5 0,05
w 35 39,5 1 0,1
w 36 39,5 1 0,1
w 35,75 37,5 0,5 0,05
w 35,75 36,5 0,5 0,05
w 36,25 37,5 0,5 0,05
w 36,25 36,5 0,5 0,05
w 36 34,5 1 0,1
w 37 34,5 1 0,1
w 36,75 37,5 0,5 0,05
w 36,75 36,5 0,5 0,05
w 37,25 37,5 0,5 0,05
w 37,25 36,5 0,5 0,05
w 37 39,5 1 0,1
w 38 39,5 1 0,1
w 37,75 37,5 0,5 0,05
w 37,75 36,5 0,5 0,05
w 38,25 37,5 0,5 0,05
w 38,25 36,5 0,5 0,05
w 38 34,5 1 0,1
w 39,5 35 0,1 1
w 39 34,5 1 0,1
w 39,5 36 0,1 1
w 39,5 37 0,1 1
w 38,75 37,5 0,5 0,05
w 38,75 36,5 0,5 0,05
w 39,25 37,5 0,5 0,05
w 39,25 36,5 0,5 0,05
w 39,5 38 0,1 1
w 39,5 39 0,1 1
w 39 39,5 1 0,1
b 16
w 29,5 10 0,1 1
w 30 9,5 1 0,1
w 29,5 11 0,1 1
w 29,75 11,5 0,5 0,05
w 29,75 10,5 0,5 0,05
w 30,25 11,5 0,5 0,05
w 30,25 10,5 0,5 0,05
w 29,5 12 0,1 1
w 29,5 13 0,1 1
w 30 13,5 1 0,1
w 31 13,5 1 0,1
w 30,75 11,5 0,5 0,05
w 30,75 10,5 0,5 0,05
w 31,25 11,5 0,5 0,05
w 31,25 10,5 0,5 0,05
w 31 9,5 1 0,1
w 32 9,5 1 0,1
w 31,75 11,5 0,5 0,05
w 31,75 10,5 0,5 0,05
w 32,25 11,5 0,5 0,05
w 32,25 10,5 0,5 0,05
w 32 13,5 1 0,1
w 33,5 13 0,1 1
w 33 13,5 1 0,1
w 33,5 12 0,1 1
w 33,5 11 0,1 1
w 32,75 11,5 0,5 0,05
w 32,75 10,5 0,5 0,05
w 33,25 11,5 0,5 0,05
w 33,25 10,5 0,5 0,05
w 33,5 10 0,1 1
w 33 9,5 1 0,1
b 17
w 29,5 30 0,1 1
w 30 29,5 1 0,1
w 29,5 31 0,1 1
w 29,75 31,5 0,5 0,05
w 29,75 30,5 0,5 0,05
w 30,25 31,5 0,5 0,05
w 30,25 30,5 0,5 0,05
w 29,5 32 0,1 1
w 29,5 33 0,1 1
w 30 33,5 1 0,1
w 31 33,5 1 0,1
w 31,5 33,25 0,05 0,5
w 31,5 32,75 0,05 0,5
w 31,5 32,25 0,05 0,5
w 31,5 31,75 0,05 0,5
w 30,75 31,5 0,5 0,05
w 30,75 30,5 0,5 0,05
w 31,25 31,5 0,5 0,05
w 31,25 30,5 0,5 0,05
w 31 29,5 1 0,1
w 31,5 30,25 0,05 0,5
w 31,5 29,75 0,05 0,5
w 32 29,5 1 0,1
w 31,75 31,5 0,5 0,05
w 31,75 30,5 0,5 0,05
w 32,25 31,5 0,5 0,05
w 32,25 30,5 0,5 0,05
w 32 33,5 1 0,1
w 33,5 33 0,1 1
w 33 33,5 1 0,1
w 33,5 32 0,1 1
w 33,5 31 0,1 1
w 32,75 31,5 0,5 0,05
w 32,75 30,5 0,5 0,05
w 33,25 31,5 0,5 0,05
w 33,25 30,5 0,5 0,05
w 33,5 30 0,1 1
w 33 29,5 1 0,1
b 18
w 34,5 0 0,1 1
w 35 -0,5 1 0,1
w 34,5 1 0,1 1
w 34,75 1,5 0,5 0,05
w 34,75 0,5 0,5 0,05
w 35,25 1,5 0,5 0,05
w 35,25 0,5 0,5 0,05
w 34,5 2 0,1 1
w 34,5 3 0,1 1
w 35 3,5 1 0,1
w 36 3,5 1 0,1
w 35,75 1,5 0,5 0,05
w 35,75 0,5 0,5 0,05
w 36,25 1,5 0,5 0,05
w 36,25 0,5 0,5 0,05
w 36 -0,5 1 0,1
w 37 -0,5 1 0,1
w 36,75 1,5 0,5 0,05
w 36,75 0,5 0,5 0,05
w 37,25 1,5 0,5 0,05
w 37,25 0,5 0,5 0,05
w 37 3,5 1 0,1
w 38 3,5 1 0,1
w 37,75 1,5 0,5 0,05
w 37,75 0,5 0,5 0,05
w 38,25 1,5 0,5 0,05
w 38,25 0,5 0,5 0,05
w 38 -0,5 1 0,1
w 39,5 0 0,1 1
w 39 -0,5 1 0,1
w 39,5 1 0,1 1
w 38,75 1,5 0,5 0,05
w 38,75 0,5 0,5 0,05
w 39,25 1,5 0,5 0,05
w 39,25 0,5 0,5 0,05
w 39,5 2 0,1 1
w 39,5 3 0,1 1
w 39 3,5 1 0,1
b 19
w 34,5 10 0,1 1
w 35 9,5 1 0,1
w 34,5 11 0,1 1
w 34,75 11,5 0,5 0,05
w 34,75 10,5 0,5 0,05
w 35,25 11,5 0,5 0,05
w 35,25 10,5 0,5 0,05
w 34,5 12 0,1 1
w 34,5 13 0,1 1
w 35 13,5 1 0,1
w 36 13,5 1 0,1
w 35,75 11,5 0,5 0,05
w 35,75 10,5 0,5 0,05
w 36,25 11,5 0,5 0,05
w 36,25 10,5 0,5 0,05
w 36 9,5 1 0,1
w 37 9,5 1 0,1
w 36,75 11,5 0,5 0,05
w 36,75 10,5 0,5 0,05
w 37,25 11,5 0,5 0,05
w 37,25 10,5 0,5 0,05
w 37 13,5 1 0,1
w 38 13,5 1 0,1
w 37,75 11,5 0,5 0,05
w 37,75 10,5 0,5 0,05
w 38,25 11,5 0,5 0,05
w 38,25 10,5 0,5 0,05
w 38 9,5 1 0,1
w 39,5 10 0,1 1
w 39 9,5 1 0,1
w 39,5 11 0,1 1
w 38,75 11,5 0,5 0,05
w 38,75 10,5 0,5 0,05
w 39,25 11,5 0,5 0,05
w 39,25 10,5 0,5 0,05
w 39,5 12 0,1 1
w 39,5 13 0,1 1
w 39 13,5 1 0,1
b 20
w 34,5 15 0,1 1
w 35 14,5 1 0,1
w 34,5 16 0,1 1
w 34,75 16,5 0,5 0,05
w 34,75 15,5 0,5 0,05
w 35,25 16,5 0,5 0,05
w 35,25 15,5 0,5 0,05
w 34,5 17 0,1 1
w 34,5 18 0,1 1
w 35 18,5 1 0,1
w 36 18,5 1 0,1
w 35,75 16,5 0,5 0,05
w 35,75 15,5 0,5 0,05
w 36,25 16,5 0,5 0,05
w 36,25 15,5 0,5 0,05
w 36 14,5 1 0,1
w 37 14,5 1 0,1
w 36,75 16,5 0,5 0,05
w 36,75 15,5 0,5 0,05
w 37,25 16,5 0,5 0,05
w 37,25 15,5 0,5 0,05
w 37 18,5 1 0,1
w 38 18,5 1 0,1
w 37,75 16,5 0,5 0,05
w 37,75 15,5 0,5 0,05
w 38,25 16,5 0,5 0,05
w 38,25 15,5 0,5 0,05
w 38 14,5 1 0,1
w 39,5 15 0,1 1
w 39 14,5 1 0,1
w 39,5 16 0,1 1
w 38,75 16,5 0,5 0,05
w 38,75 15,5 0,5 0,05
w 39,25 16,5 0,5 0,05
w 39,25 15,5 0,5 0,05
w 39,5 17 0,1 1
w 39,5 18 0,1 1
w 39 18,5 1 0,1
b 21
w 34,5 20 0,1 1
w 35 19,5 1 0,1
w 34,5 21 0,1 1
w 34,75 21,5 0,5 0,05
w 34,75 20,5 0,5 0,05
w 35,25 21,5 0,5 0,05
w 35,25 20,5 0,5 0,05
w 34,5 22 0,1 1
w 34,5 23 0,1 1
w 35 23,5 1 0,1
w 36 23,5 1 0,1
w 35,75 21,5 0,5 0,05
w 35,75 20,5 0,5 0,05
w 36,25 21,5 0,5 0,05
w 36,25 20,5 0,5 0,05
w 36 19,5 1 0,1
w 37 19,5 1 0,1
w 36,75 21,5 0,5 0,05
w 36,75 20,5 0,5 0,05
w 37,25 21,5 0,5 0,05
w 37,25 20,5 0,5 0,05
w 37 23,5 1 0,1
w 38 23,5 1 0,1
w 37,75 21,5 0,5 0,05
w 37,75 20,5 0,5 0,05
w 38,25 21,5 0,5 0,05
w 38,25 20,5 0,5 0,05
w 38 19,5 1 0,1
w 39,5 20 0,1 1
w 39 19,5 1 0,1
w 39,5 21 0,1 1
w 38,75 21,5 0,5 0,05
w 38,75 20,5 0,5 0,05
w 39,25 21,5 0,5 0,05
w 39,25 20,5 0,5 0,05
w 39,5 22 0,1 1
w 39,5 23 0,1 1
w 39 23,5 1 0,1
b 22
w 34,5 25 0,1 1
w 35 24,5 1 0,1
w 34,5 26 0,1 1
w 34,75 26,5 0,5 0,05
w 34,75 25,5 0,5 0,05
w 35,25 26,5 0,5 0,05
w 35,25 25,5 0,5 0,05
w 34,5 27 0,1 1
w 34,5 28 0,1 1
w 35 28,5 1 0,1
w 36 28,5 1 0,1
w 36,5 28,25 0,05 0,5
w 36,5 27,75 0,05 0,5
w 36,5 27,25 0,05 0,5
w 36,5 26,75 0,05 0,5
w 35,75 26,5 0,5 0,05
w 35,75 25,5 0,5 0,05
w 36,25 26,5 0,5 0,05
w 36,25 25,5 0,5 0,05
w 36 24,5 1 0,1
w 36,5 25,25 0,05 0,5
w 36,5 24,75 0,05 0,5
w 37 24,5 1 0,1
w 36,75 26,5 0,5 0,05
w 36,75 25,5 0,5 0,05
w 37,25 26,5 0,5 0,05
w 37,25 25,5 0,5 0,05
w 37 28,5 1 0,1
w 38 28,5 1 0,1
w 37,75 26,5 0,5 0,05
w 37,75 25,5 0,5 0,05
w 38,25 26,5 0,5 0,05
w 38,25 25,5 0,5 0,05
w 38 24,5 1 0,1
w 39,5 25 0,1 1
w 39 24,5 1 0,1
w 39,5 26 0,1 1
w 38,75 26,5 0,5 0,05
w 38,75 25,5 0,5 0,05
w 39,25 26,5 0,5 0,05
w 39,25 25,5 0,5 0,05
w 39,5 27 0,1 1
w 39,5 28 0,1 1
w 39 28,5 1 0,1
b 23
w 34,5 30 0,1 1
w 35 29,5 1 0,1
w 34,5 31 0,1 1
w 34,75 31,5 0,5 0,05
w 34,75 30,5 0,5 0,05
w 35,25 31,5 0,5 0,05
w 35,25 30,5 0,5 0,05
w 34,5 32 0,1 1
w 34,5 33 0,1 1
w 35 33,5 1 0,1
w 36 33,5 1 0,1
w 35,75 31,5 0,5 0,05
w 35,75 30,5 0,5 0,05
w 36,25 31,5 0,5 0,05
w 36,25 30,5 0,5 0,05
w 36 29,5 1 0,1
w 37 29,5 1 0,1
w 36,75 31,5 0,5 0,05
w 36,75 30,5 0,5 0,05
w 37,25 31,5 0,5 0,05
w 37,25 30,5 0,5 0,05
w 37 33,5 1 0,1
w 38 33,5 1 0,1
w 37,75 31,5 0,5 0,05
w 37,75 30,5 0,5 0,05
w 38,25 31,5 0,5 0,05
w 38,25 30,5 0,5 0,05
w 38 29,5 1 0,1
w 39,5 30 0,1 1
w 39 29,5 1 0,1
w 39,5 31 0,1 1
w 38,75 31,5 0,5 0,05
w 38,75 30,5 0,5 0,05
w 39,25 31,5 0,5 0,05
w 39,25 30,5 0,5 0,05
w 39,5 32 0,1 1
w 39,5 33 0,1 1
w 39 33,5 1 0,1
b 24
w -0,5 5 0,1 1
w 0 4,5 1 0,1
w -0,5 6 0,1 1
w -0,25 6,5 0,5 0,05
w -0,25 5,5 0,5 0,05
w 0,25 6,5 0,5 0,05
w 0,25 5,5 0,5 0,05
w -0,5 7 0,1 1
w -0,5 8 0,1 1
w 0 8,5 1 0,1
w 1 8,5 1 0,1
w 0,75 6,5 0,5 0,05
w 0,75 5,5 0,5 0,05
w 1,25 6,5 0,5 0,05
w 1,25 5,5 0,5 0,05
w 1 4,5 1 0,1
w 2 4,5 1 0,1
w 1,75 6,5 0,5 0,05
w 1,75 5,5 0,5 0,05
w 2,25 6,5 0,5 0,05
w 2,25 5,5 0,5 0,05
w 2 8,5 1 0,1
w 3 8,5 1 0,1
w 2,75 6,5 0,5 0,05
w 2,75 5,5 0,5 0,05
w 3,25 6,5 0,5 0,05
w 3,25 5,5 0,5 0,05
w 3 4,5 1 0,1
w 4,5 5 0,1 1
w 4 4,5 1 0,1
w 4,5 6 0,1 1
w 3,75 6,5 0,5 0,05
w 3,75 5,5 0,5 0,05
w 4,25 6,5 0,5 0,05
w 4,25 5,5 0,5 0,05
w 4,5 7 0,1 1
w 4,5 8 0,1 1
w 4 8,5 1 0,1
b 25
w -0,5 10 0,1 1
w 0 9,5 1 0,1
w -0,5 11 0,1 1
w -0,25 11,5 0,5 0,05
w -0,25 10,5 0,5 0,05
w 0,25 11,5 0,5 0,05
w 0,25 10,5 0,5 0,05
w -0,5 12 0,1 1
w -0,5 13 0,1 1
w 0 13,5 1 0,1
w 1 13,5 1 0,1
w 0,75 11,5 0,5 0,05
w 0,75 10,5 0,5 0,05
w 1,25 11,5 0,5 0,05
w 1,25 10,5 0,5 0,05
w 1 9,5 1 0,1
w 2 9,5 1 0,1
w 1,75 11,5 0,5 0,05
w 1,75 10,5 0,5 0,05
w 2,25 11,5 0,5 0,05
w 2,25 10,5 0,5 0,05
w 2 13,5 1 0,1
w 3 13,5 1 0,1
w 2,75 11,5 0,5 0,05
w 2,75 10,5 0,5 0,05
w 3,25 11,5 0,5 0,05
w 3,25 10,5 0,5 0,05
w 3 9,5 1 0,1
w 4,5 10 0,1 1
w 4 9,5 1 0,1
w 4,5 11 0,1 1
w 3,75 11,5 0,5 0,05
w 3,75 10,5 0,5 0,05
w 4,25 11,5 0,5 0,05
w 4,25 10,5 0,5 0,05
w 4,5 12 0,1 1
w 4,5 13 0,1 1
w 4 13,5 1 0,1
b 26
w -0,5 15 0,1 1
w 0 14,5 1 0,1
w -0,5 16 0,1 1
w -0,25 16,5 0,5 0,05
w -0,25 15,5 0,5 0,05
w 0,25 16,5 0,5 0,05
w 0,25 15,5 0,5 0,05
w -0,5 17 0,1 1
w -0,5 18 0,1 1
w 0 18,5 1 0,1
w 1 18,5 1 0,1
w 0,75 16,5 0,5 0,05
w 0,75 15,5 0,5 0,05
w 1,25 16,5 0,5 0,05
w 1,25 15,5 0,5 0,05
w 1 14,5 1 0,1
w 2 14,5 1 0,1
w 1,75 16,5 0,5 0,05
w 1,75 15,5 0,5 0,05
w 2,25 16,5 0,5 0,05
w 2,25 15,5 0,5 0,05
w 2 18,5 1 0,1
w 3 18,5 1 0,1
w 2,75 16,5 0,5 0,05
w 2,75 15,5 0,5 0,05
w 3,25 16,5 0,5 0,05
w 3,25 15,5 0,5 0,05
w 3 14,5 1 0,1
w 4,5 15 0,1 1
w 4 14,5 1 0,1
w 4,5 16 0,1 1
w 3,75 16,5 0,5 0,05
w 3,75 15,5 0,5 0,05
w 4,25 16,5 0,5 0,05
w 4,25 15,5 0,5 0,05
w 4,5 17 0,1 1
w 4,5 18 0,1 1
w 4 18,5 1 0,1
b 27
w 4,5 20 0,1 1
w 5 19,5 1 0,1
w 4,5 21 0,1 1
w 4,75 21,5 0,5 0,05
w 4,75 20,5 0,5 0,05
w 5,25 21,5 0,5 0,05
w 5,25 20,5 0,5 0,05
w 4,5 22 0,1 1
w 4,5 23 0,1 1
w 5 23,5 1 0,1
w 6 23,5 1 0,1
w 6,5 23,25 0,05 0,5
w 6,5 22,75 0,05 0,5
w 6,5 22,25 0,05 0,5
w 6,5 21,75 0,05 0,5
w 5,75 21,5 0,5 0,05
w 5,75 20,5 0,5 0,05
w 6,25 21,5 0,5 0,05
w 6,25 20,5 0,5 0,05
w 6 19,5 1 0,1
w 6,5 20,25 0,05 0,5
w 6,5 19,75 0,05 0,5
w 7 19,5 1 0,1
w 6,75 21,5 0,5 0,05
w 6,75 20,5 0,5 0,05
w 7,25 21,5 0,5 0,05
w 7,25 20,5 0,5 0,05
w 7 23,5 1 0,1
w 8,5 23 0,1 1
w 8 23,5 1 0,1
w 8,5 22 0,1 1
w 8,5 21 0,1 1
w 7,75 21,5 0,5 0,05
w 7,75 20,5 0,5 0,05
w 8,25 21,5 0,5 0,05
w 8,25 20,5 0,5 0,05
w 8,5 20 0,1 1
w 8 19,5 1 0,1
b 28
w -0,5 25 0,1 1
w 0 24,5 1 0,1
w -0,5 26 0,1 1
w -0,25 26,5 0,5 0,05
w -0,25 25,5 0,5 0,05
w 0,25 26,5 0,5 0,05
w 0,25 25,5 0,5 0,05
w -0,5 27 0,1 1
w -0,5 28 0,1 1
w 0 28,5 1 0,1
w 1 28,5 1 0,1
w 0,75 26,5 0,5 0,05
w 0,75 25,5 0,5 0,05
w 1,25 26,5 0,5 0,05
w 1,25 25,5 0,5 0,05
w 1 24,5 1 0,1
w 2 24,5 1 0,1
w 1,75 26,5 0,5 0,05
w 1,75 25,5 0,5 0,05
w 2,25 26,5 0,5 0,05
w 2,25 25,5 0,5 0,05
w 2 28,5 1 0,1
w 3 28,5 1 0,1
w 2,75 26,5 0,5 0,05
w 2,75 25,5 0,5 0,05
w 3,25 26,5 0,5 0,05
w 3,25 25,5 0,5 0,05
w 3 24,5 1 0,1
w 4 24,5 1 0,1
w 4,5 25,25 0,05 0,5
w 4,5 24,75 0,05 0,5
w 3,75 26,5 0,5 0,05
w 3,75 25,5 0,5 0,05
w 4,25 26,5 0,5 0,05
w 4,25 25,5 0,5 0,05
w 4,5 27,25 0,05 0,5
w 4,5 26,75 0,05 0,5
w 4 28,5 1 0,1
w 4,5 28,25 0,05 0,5
w 4,5 27,75 0,05 0,5
w 5 28,5 1 0,1
w 4,75 26,5 0,5 0,05
w 4,75 25,5 0,5 0,05
w 5,25 26,5 0,5 0,05
w 5,25 25,5 0,5 0,05
w 5 24,5 1 0,1
w 6,5 25 0,1 1
w 6 24,5 1 0,1
w 6,5 26 0,1 1
w 5,75 26,5 0,5 0,05
w 5,75 25,5 0,5 0,05
w 6,25 26,5 0,5 0,05
w 6,25 25,5 0,5 0,05
w 6,5 27 0,1 1
w 6,5 28 0,1 1
w 6 28,5 1 0,1
b 29
w 9,5 30 0,1 1
w 10 29,5 1 0,1
w 9,5 31 0,1 1
w 9,5 32 0,1 1
w 9,5 33 0,1 1
w 10 33,5 1 0,1
w 11 33,5 1 0,1
w 10,5 33,25 0,05 0,5
w 10,5 32,75 0,05 0,5
w 11,5 33,25 0,05 0,5
w 11,5 32,75 0,05 0,5
w 10,5 32,25 0,05 0,5
w 10,5 31,75 0,05 0,5
w 11,5 32,25 0,05 0,5
w 11,5 31,75 0,05 0,5
w 10,5 31,25 0,05 0,5
w 10,5 30,75 0,05 0,5
w 11,5 31,25 0,05 0,5
w 11,5 30,75 0,05 0,5
w 11 29,5 1 0,1
w 10,5 30,25 0,05 0,5
w 10,5 29,75 0,05 0,5
w 11,5 30,25 0,05 0,5
w 11,5 29,75 0,05 0,5
w 12,5 30 0,1 1
w 12 29,5 1 0,1
w 12,5 31 0,1 1
w 12,5 32 0,1 1
w 12,5 33 0,1 1
w 12 33,5 1 0,1
b 30
w 12,5 29 0,1 1
w 13 29,5 1 0,1
w 12,5 28 0,1 1
w 12,5 27 0,1 1
w 12,75 27,5 0,5 0,05
w 12,75 26,5 0,5 0,05
w 13,25 27,5 0,5 0,05
w 13,25 26,5 0,5 0,05
w 12,5 26 0,1 1
w 12,5 25 0,1 1
w 13 24,5 1 0,1
w 14 24,5 1 0,1
w 13,75 27,5 0,5 0,05
w 13,75 26,5 0,5 0,05
w 14,25 27,5 0,5 0,05
w 14,25 26,5 0,5 0,05
w 14 29,5 1 0,1
w 15 29,5 1 0,1
w 15,5 29,25 0,05 0,5
w 15,5 28,75 0,05 0,5
w 15,5 28,25 0,05 0,5
w 15,5 27,75 0,05 0,5
w 14,75 27,5 0,5 0,05
w 14,75 26,5 0,5 0,05
w 15,25 27,5 0,5 0,05
w 15,25 26,5 0,5 0,05
w 15,5 26,25 0,05 0,5
w 15,5 25,75 0,05 0,5
w 15 24,5 1 0,1
w 15,5 25,25 0,05 0,5
w 15,5 24,75 0,05 0,5
w 16 24,5 1 0,1
w 15,75 27,5 0,5 0,05
w 15,75 26,5 0,5 0,05
w 16,25 27,5 0,5 0,05
w 16,25 26,5 0,5 0,05
w 16 29,5 1 0,1
w 17 29,5 1 0,1
w 16,75 27,5 0,5 0,05
w 16,75 26,5 0,5 0,05
w 17,25 27,5 0,5 0,05
w 17,25 26,5 0,5 0,05
w 17 24,5 1 0,1
w 18,5 25 0,1 1
w 18 24,5 1 0,1
w 18,5 26 0,1 1
w 18,5 27 0,1 1
w 17,75 27,5 0,5 0,05
w 17,75 26,5 0,5 0,05
w 18,25 27,5 0,5 0,05
w 18,25 26,5 0,5 0,05
w 18,5 28 0,1 1
w 18,5 29 0,1 1
w 18 29,5 1 0,1
b 31
w -0,5 30 0,1 1
w 0 29,5 1 0,1
w -0,5 31 0,1 1
w -0,25 31,5 0,5 0,05
w -0,25 30,5 0,5 0,05
w 0,25 31,5 0,5 0,05
w 0,25 30,5 0,5 0,05
w -0,5 32 0,1 1
w -0,5 33 0,1 1
w 0 33,5 1 0,1
w 1 33,5 1 0,1
w 0,75 31,5 0,5 0,05
w 0,75 30,5 0,5 0,05
w 1,25 31,5 0,5 0,05
w 1,25 30,5 0,5 0,05
w 1 29,5 1 0,1
w 2 29,5 1 0,1
w 1,75 31,5 0,5 0,05
w 1,75 30,5 0,5 0,05
w 2,25 31,5 0,5 0,05
w 2,25 30,5 0,5 0,05
w 2 33,5 1 0,1
w 3 33,5 1 0,1
w 2,75 31,5 0,5 0,05
w 2,75 30,5 0,5 0,05
w 3,25 31,5 0,5 0,05
w 3,25 30,5 0,5 0,05
w 3 29,5 1 0,1
w 4,5 30 0,1 1
w 4 29,5 1 0,1
w 4,5 31 0,1 1
w 3,75 31,5 0,5 0,05
w 3,75 30,5 0,5 0,05
w 4,25 31,5 0,5 0,05
w 4,25 30,5 0,5 0,05
w 4,5 32 0,1 1
w 4,5 33 0,1 1
w 4 33,5 1 0,1
b 32
w 4,5 35 0,1 1
w 5 34,5 1 0,1
w 4,5 36 0,1 1
w 4,5 37 0,1 1
w 4,75 37,5 0,5 0,05
w 4,75 36,5 0,5 0,05
w 5,25 37,5 0,5 0,05
w 5,25 36,5 0,5 0,05
w 4,5 38 0,1 1
w 4,5 39 0,1 1
w 5 39,5 1 0,1
w 6 39,5 1 0,1
w 5,75 37,5 0,5 0,05
w 5,75 36,5 0,5 0,05
w 6,25 37,5 0,5 0,05
w 6,25 36,5 0,5 0,05
w 6 34,5 1 0,1
w 7 34,5 1 0,1
w 6,75 37,5 0,5 0,05
w 6,75 36,5 0,5 0,05
w 7,25 37,5 0,5 0,05
w 7,25 36,5 0,5 0,05
w 7 39,5 1 0,1
w 8 39,5 1 0,1
w 7,75 37,5 0,5 0,05
w 7,75 36,5 0,5 0,05
w 8,25 37,5 0,5 0,05
w 8,25 36,5 0,5 0,05
w 8 34,5 1 0,1
w 9,5 35 0,1 1
w 9 34,5 1 0,1
w 9,5 36 0,1 1
w 9,5 37 0,1 1
w 8,75 37,5 0,5 0,05
w 8,75 36,5 0,5 0,05
w 9,25 37,5 0,5 0,05
w 9,25 36,5 0,5 0,05
w 9,5 38 0,1 1
w 9,5 39 0,1 1
w 9 39,5 1 0,1
b 33
w 14,5 17 0,1 1
w 15 16,5 1 0,1
w 14,5 18 0,1 1
w 14,5 19 0,1 1
w 14,75 19,5 0,5 0,05
w 15,25 19,5 0,5 0,05
w 14,5 20 0,1 1
w 14,5 21 0,1 1
w 14,5 22 0,1 1
w 14,5 23 0,1 1
w 15 23,5 1 0,1
w 16 23,5 1 0,1
w 15,75 19,5 0,5 0,05
w 16,25 19,5 0,5 0,05
w 16 16,5 1 0,1
w 17 16,5 1 0,1
w 16,5 17,25 0,05 0,5
w 16,5 16,75 0,05 0,5
w 17,5 17,25 0,05 0,5
w 17,5 16,75 0,05 0,5
w 16,5 18,25 0,05 0,5
w 16,5 17,75 0,05 0,5
w 17,5 18,25 0,05 0,5
w 17,5 17,75 0,05 0,5
w 16,5 19,25 0,05 0,5
w 16,5 18,75 0,05 0,5
w 17,5 19,25 0,05 0,5
w 17,5 18,75 0,05 0,5
w 16,5 20,25 0,05 0,5
w 16,5 19,75 0,05 0,5
w 17,5 20,25 0,05 0,5
w 17,5 19,75 0,05 0,5
w 16,5 21,25 0,05 0,5
w 16,5 20,75 0,05 0,5
w 17,5 21,25 0,05 0,5
w 17,5 20,75 0,05 0,5
w 16,5 22,25 0,05 0,5
w 16,5 21,75 0,05 0,5
w 17,5 22,25 0,05 0,5
w 17,5 21,75 0,05 0,5
w 17 23,5 1 0,1
w 16,5 23,25 0,05 0,5
w 16,5 22,75 0,05 0,5
w 17,5 23,25 0,05 0,5
w 17,5 22,75 0,05 0,5
w 18 23,5 1 0,1
w 17,75 19,5 0,5 0,05
w 18,25 19,5 0,5 0,05
w 18 16,5 1 0,1
w 19,5 17 0,1 1
w 19 16,5 1 0,1
w 19,5 18 0,1 1
w 19,5 19 0,1 1
w 18,75 19,5 0,5 0,05
w 19,25 19,5 0,5 0,05
w 19,5 20 0,1 1
w 19,5 21 0,1 1
w 19,5 22 0,1 1
w 19,5 23 0,1 1
w 19 23,5 1 0,1
b 34
w 23 26,5 1 0,1
w 22 26,5 1 0,1
w 21,5 27,25 0,05 0,5
w 21,5 26,75 0,05 0,5
w 22,5 27,25 0,05 0,5
w 22,5 26,75 0,05 0,5
w 21,5 28,25 0,05 0,5
w 21,5 27,75 0,05 0,5
w 22,5 28,25 0,05 0,5
w 22,5 27,75 0,05 0,5
w 20,75 29,5 0,5 0,05
w 21,25 29,5 0,5 0,05
w 19,5 29 0,1 1
w 19,75 29,5 0,5 0,05
w 20,25 29,5 0,5 0,05
w 19,5 28 0,1 1
w 19,5 27 0,1 1
w 20 26,5 1 0,1
w 21 26,5 1 0,1
w 19,5 30 0,1 1
w 19,75 30,5 0,5 0,05
w 20,25 30,5 0,5 0,05
w 19,5 31 0,1 1
w 19,5 32 0,1 1
w 19,5 33 0,1 1
w 20 33,5 1 0,1
w 21 33,5 1 0,1
w 20,75 30,5 0,5 0,05
w 21,25 30,5 0,5 0,05
w 21,5 30,25 0,05 0,5
w 21,5 29,75 0,05 0,5
w 22,5 30,25 0,05 0,5
w 22,5 29,75 0,05 0,5
w 21,5 31,25 0,05 0,5
w 21,5 30,75 0,05 0,5
w 22,5 31,25 0,05 0,5
w 22,5 30,75 0,05 0,5
w 21,5 32,25 0,05 0,5
w 21,5 31,75 0,05 0,5
w 22,5 32,25 0,05 0,5
w 22,5 31,75 0,05 0,5
w 22 33,5 1 0,1
w 21,5 33,25 0,05 0,5
w 21,5 32,75 0,05 0,5
w 22,5 33,25 0,05 0,5
w 22,5 32,75 0,05 0,5
w 23 33,5 1 0,1
w 22,75 30,5 0,5 0,05
w 23,25 30,5 0,5 0,05
w 22,75 29,5 0,5 0,05
w 23,25 29,5 0,5 0,05
w 21,5 29,25 0,05 0,5
w 21,5 28,75 0,05 0,5
w 22,5 29,25 0,05 0,5
w 22,5 28,75 0,05 0,5
w 24,5 28 0,1 1
w 24,5 29 0,1 1
w 23,75 29,5 0,5 0,05
w 24,25 29,5 0,5 0,05
w 24,5 30 0,1 1
w 23,75 30,5 0,5 0,05
w 24,25 30,5 0,5 0,05
w 24,5 31 0,1 1
w 24,5 32 0,1 1
w 24,5 33 0,1 1
w 24 33,5 1 0,1
w 24,5 27 0,1 1
w 24 26,5 1 0,1
b 35
w 24,5 33 0,1 1
w 25 33,5 1 0,1
w 24,5 32 0,1 1
w 24,5 31 0,1 1
w 24,75 31,5 0,5 0,05
w 25,25 31,5 0,5 0,05
w 24,5 30 0,1 1
w 24,5 29 0,1 1
w 25 28,5 1 0,1
w 26 28,5 1 0,1
w 25,5 29,25 0,05 0,5
w 25,5 28,75 0,05 0,5
w 26,5 29,25 0,05 0,5
w 26,5 28,75 0,05 0,5
w 25,5 30,25 0,05 0,5
w 25,5 29,75 0,05 0,5
w 26,5 30,25 0,05 0,5
w 26,5 29,75 0,05 0,5
w 25,5 31,25 0,05 0,5
w 25,5 30,75 0,05 0,5
w 26,5 31,25 0,05 0,5
w 26,5 30,75 0,05 0,5
w 25,5 32,25 0,05 0,5
w 25,5 31,75 0,05 0,5
w 26,5 32,25 0,05 0,5
w 26,5 31,75 0,05 0,5
w 26 33,5 1 0,1
w 25,5 33,25 0,05 0,5
w 25,5 32,75 0,05 0,5
w 26,5 33,25 0,05 0,5
w 26,5 32,75 0,05 0,5
w 27 33,5 1 0,1
w 26,75 31,5 0,5 0,05
w 27,25 31,5 0,5 0,05
w 27 28,5 1 0,1
w 28,5 29 0,1 1
w 28 28,5 1 0,1
w 28,5 30 0,1 1
w 28,5 31 0,1 1
w 27,75 31,5 0,5 0,05
w 28,25 31,5 0,5 0,05
w 28,5 32 0,1 1
w 28,5 33 0,1 1
w 28 33,5 1 0,1
b 36
w 29,5 8 0,1 1
w 30 8,5 1 0,1
w 29,5 7 0,1 1
w 29,5 6 0,1 1
w 29,75 6,5 0,5 0,05
w 29,75 5,5 0,5 0,05
w 30,25 6,5 0,5 0,05
w 30,25 5,5 0,5 0,05
w 29,5 5 0,1 1
w 30 4,5 1 0,1
w 31 4,5 1 0,1
w 30,75 6,5 0,5 0,05
w 30,75 5,5 0,5 0,05
w 31,25 6,5 0,5 0,05
w 31,25 5,5 0,5 0,05
w 31 8,5 1 0,1
w 32 8,5 1 0,1
w 31,75 6,5 0,5 0,05
w 31,75 5,5 0,5 0,05
w 32,25 6,5 0,5 0,05
w 32,25 5,5 0,5 0,05
w 32 4,5 1 0,1
w 33,5 5 0,1 1
w 33 4,5 1 0,1
w 33,5 6 0,1 1
w 32,75 6,5 0,5 0,05
w 32,75 5,5 0,5 0,05
w 33,25 6,5 0,5 0,05
w 33,25 5,5 0,5 0,05
w 33,5 7 0,1 1
w 33,5 8 0,1 1
w 33 8,5 1 0,1
b 37
w 29,5 22 0,1 1
w 29,5 23 0,1 1
w 30 23,5 1 0,1
w 31 23,5 1 0,1
w 30,75 21,5 0,5 0,05
w 30,75 20,5 0,5 0,05
w 31,25 21,5 0,5 0,05
w 31,25 20,5 0,5 0,05
w 29,5 21 0,1 1
w 29,75 21,5 0,5 0,05
w 29,75 20,5 0,5 0,05
w 30,25 21,5 0,5 0,05
w 30,25 20,5 0,5 0,05
w 29,5 20 0,1 1
w 30 19,5 1 0,1
w 31 19,5 1 0,1
w 32 19,5 1 0,1
w 31,75 21,5 0,5 0,05
w 31,75 20,5 0,5 0,05
w 32,25 21,5 0,5 0,05
w 32,25 20,5 0,5 0,05
w 32 23,5 1 0,1
w 33,5 23 0,1 1
w 33 23,5 1 0,1
w 33,5 22 0,1 1
w 33,5 21 0,1 1
w 32,75 21,5 0,5 0,05
w 32,75 20,5 0,5 0,05
w 33,25 21,5 0,5 0,05
w 33,25 20,5 0,5 0,05
w 33,5 20 0,1 1
w 33 19,5 1 0,1
b 38
w 14,5 35 0,1 1
w 15 34,5 1 0,1
w 14,5 36 0,1 1
w 14,5 37 0,1 1
w 14,75 37,5 0,5 0,05
w 14,75 36,5 0,5 0,05
w 15,25 37,5 0,5 0,05
w 15,25 36,5 0,5 0,05
w 14,5 38 0,1 1
w 14,5 39 0,1 1
w 15 39,5 1 0,1
w 16 39,5 1 0,1
w 15,75 37,5 0,5 0,05
w 15,75 36,5 0,5 0,05
w 16,25 37,5 0,5 0,05
w 16,25 36,5 0,5 0,05
w 16 34,5 1 0,1
w 17 34,5 1 0,1
w 16,75 37,5 0,5 0,05
w 16,75 36,5 0,5 0,05
w 17,25 37,5 0,5 0,05
w 17,25 36,5 0,5 0,05
w 17 39,5 1 0,1
w 18 39,5 1 0,1
w 17,75 37,5 0,5 0,05
w 17,75 36,5 0,5 0,05
w 18,25 37,5 0,5 0,05
w 18,25 36,5 0,5 0,05
w 18 34,5 1 0,1
w 19,5 35 0,1 1
w 19 34,5 1 0,1
w 19,5 36 0,1 1
w 19,5 37 0,1 1
w 18,75 37,5 0,5 0,05
w 18,75 36,5 0,5 0,05
w 19,25 37,5 0,5 0,05
w 19,25 36,5 0,5 0,05
w 19,5 38 0,1 1
w 19,5 39 0,1 1
w 19 39,5 1 0,1
b 39
w 29,5 39 0,1 1
w 30 39,5 1 0,1
w 29,5 38 0,1 1
w 29,5 37 0,1 1
w 29,75 37,5 0,5 0,05
w 30,25 37,5 0,5 0,05
w 29,5 36 0,1 1
w 29,75 36,5 0,5 0,05
w 30,25 36,5 0,5 0,05
w 29,5 35 0,1 1
w 30 34,5 1 0,1
w 31 34,5 1 0,1
w 30,5 35,25 0,05 0,5
w 30,5 34,75 0,05 0,5
w 31,5 35,25 0,05 0,5
w 31,5 34,75 0,05 0,5
w 30,5 36,25 0,05 0,5
w 30,5 35,75 0,05 0,5
w 31,5 36,25 0,05 0,5
w 31,5 35,75 0,05 0,5
w 30,5 37,25 0,05 0,5
w 30,5 36,75 0,05 0,5
w 31,5 37,25 0,05 0,5
w 31,5 36,75 0,05 0,5
w 30,5 38,25 0,05 0,5
w 30,5 37,75 0,05 0,5
w 31,5 38,25 0,05 0,5
w 31,5 37,75 0,05 0,5
w 31 39,5 1 0,1
w 30,5 39,25 0,05 0,5
w 30,5 38,75 0,05 0,5
w 31,5 39,25 0,05 0,5
w 31,5 38,75 0,05 0,5
w 32 39,5 1 0,1
w 31,75 37,5 0,5 0,05
w 32,25 37,5 0,5 0,05
w 31,75 36,5 0,5 0,05
w 32,25 36,5 0,5 0,05
w 32 34,5 1 0,1
w 33,5 35 0,1 1
w 33 34,5 1 0,1
w 33,5 36 0,1 1
w 32,75 36,5 0,5 0,05
w 33,25 36,5 0,5 0,05
w 33,5 37 0,1 1
w 32,75 37,5 0,5 0,05
w 33,25 37,5 0,5 0,05
w 33,5 38 0,1 1
w 33,5 39 0,1 1
w 33 39,5 1 0,1
b 40
w 34,5 5 0,1 1
w 35 4,5 1 0,1
w 34,5 6 0,1 1
w 34,5 7 0,1 1
w 34,75 7,5 0,5 0,05
w 34,75 6,5 0,5 0,05
w 35,25 7,5 0,5 0,05
w 35,25 6,5 0,5 0,05
w 34,5 8 0,1 1
w 34,5 9 0,1 1
w 35 9,5 1 0,1
w 36 9,5 1 0,1
w 35,75 7,5 0,5 0,05
w 35,75 6,5 0,5 0,05
w 36,25 7,5 0,5 0,05
w 36,25 6,5 0,5 0,05
w 36 4,5 1 0,1
w 37 4,5 1 0,1
w 37,5 5,25 0,05 0,5
w 37,5 4,75 0,05 0,5
w 37,5 6,25 0,05 0,5
w 37,5 5,75 0,05 0,5
w 36,75 7,5 0,5 0,05
w 36,75 6,5 0,5 0,05
w 37,25 7,5 0,5 0,05
w 37,25 6,5 0,5 0,05
w 37,5 8,25 0,05 0,5
w 37,5 7,75 0,05 0,5
w 37 9,5 1 0,1
w 37,5 9,25 0,05 0,5
w 37,5 8,75 0,05 0,5
w 38 9,5 1 0,1
w 37,75 7,5 0,5 0,05
w 37,75 6,5 0,5 0,05
w 38,25 7,5 0,5 0,05
w 38,25 6,5 0,5 0,05
w 38 4,5 1 0,1
w 39,5 5 0,1 1
w 39 4,5 1 0,1
w 39,5 6 0,1 1
w 39,5 7 0,1 1
w 38,75 7,5 0,5 0,05
w 38,75 6,5 0,5 0,05
w 39,25 7,5 0,5 0,05
w 39,25 6,5 0,5 0,05
w 39,5 8 0,1 1
w 39,5 9 0,1 1
w 39 9,5 1 0,1
b 41
w 4,5 18 0,1 1
w 4,5 19 0,1 1
w 5 19,5 1 0,1
w 6 19,5 1 0,1
w 5,75 17,5 0,5 0,05
w 5,75 16,5 0,5 0,05
w 6,25 17,5 0,5 0,05
w 6,25 16,5 0,5 0,05
w 4,5 17 0,1 1
w 4,75 17,5 0,5 0,05
w 4,75 16,5 0,5 0,05
w 5,25 17,5 0,5 0,05
w 5,25 16,5 0,5 0,05
w 4,5 16 0,1 1
w 4,5 15 0,1 1
w 5 14,5 1 0,1
w 6 14,5 1 0,1
w 6,75 17,5 0,5 0,05
w 6,75 16,5 0,5 0,05
w 7,25 17,5 0,5 0,05
w 7,25 16,5 0,5 0,05
w 7 19,5 1 0,1
w 8,5 19 0,1 1
w 8 19,5 1 0,1
w 7,75 17,5 0,5 0,05
w 7,75 16,5 0,5 0,05
w 8,25 17,5 0,5 0,05
w 8,25 16,5 0,5 0,05
w 8 14,5 1 0,1
w 7 14,5 1 0,1
w 9,5 15 0,1 1
w 9 14,5 1 0,1
w 9,5 16 0,1 1
w 9,5 17 0,1 1
w 8,75 17,5 0,5 0,05
w 8,75 16,5 0,5 0,05
w 9,25 17,5 0,5 0,05
w 9,25 16,5 0,5 0,05
w 9,5 18 0,1 1
w 9 18,5 1 0,1
b 42
w 6,5 28 0,1 1
w 7 28,5 1 0,1
w 6,5 27 0,1 1
w 6,75 27,5 0,5 0,05
w 6,75 26,5 0,5 0,05
w 7,25 27,5 0,5 0,05
w 7,25 26,5 0,5 0,05
w 6,5 26 0,1 1
w 6,5 25 0,1 1
w 7 24,5 1 0,1
w 8 24,5 1 0,1
w 7,75 27,5 0,5 0,05
w 7,75 26,5 0,5 0,05
w 8,25 27,5 0,5 0,05
w 8,25 26,5 0,5 0,05
w 8 28,5 1 0,1
w 9 28,5 1 0,1
w 9,5 28,25 0,05 0,5
w 9,5 27,75 0,05 0,5
w 8,75 27,5 0,5 0,05
w 8,75 26,5 0,5 0,05
w 9,25 27,5 0,5 0,05
w 9,25 26,5 0,5 0,05
w 9,5 26,25 0,05 0,5
w 9,5 25,75 0,05 0,5
w 9 24,5 1 0,1
w 9,5 25,25 0,05 0,5
w 9,5 24,75 0,05 0,5
w 10 24,5 1 0,1
w 9,75 27,5 0,5 0,05
w 9,75 26,5 0,5 0,05
w 10,25 27,5 0,5 0,05
w 10,25 26,5 0,5 0,05
w 9,5 29 0,1 1
w 10 29,5 1 0,1
w 11 29,5 1 0,1
w 10,75 27,5 0,5 0,05
w 10,75 26,5 0,5 0,05
w 11,25 27,5 0,5 0,05
w 11,25 26,5 0,5 0,05
w 11 24,5 1 0,1
w 12,5 25 0,1 1
w 12 24,5 1 0,1
w 12,5 26 0,1 1
w 12,5 27 0,1 1
w 11,75 27,5 0,5 0,05
w 11,75 26,5 0,5 0,05
w 12,25 27,5 0,5 0,05
w 12,25 26,5 0,5 0,05
w 12,5 28 0,1 1
w 12,5 29 0,1 1
w 12 29,5 1 0,1
b 43
w 9,5 10 0,1 1
w 10 9,5 1 0,1
w 9,5 11 0,1 1
w 9,75 11,5 0,5 0,05
w 9,75 10,5 0,5 0,05
w 10,25 11,5 0,5 0,05
w 10,25 10,5 0,5 0,05
w 9,5 12 0,1 1
w 9,5 13 0,1 1
w 10 13,5 1 0,1
w 11 13,5 1 0,1
w 10,75 11,5 0,5 0,05
w 10,75 10,5 0,5 0,05
w 11,25 11,5 0,5 0,05
w 11,25 10,5 0,5 0,05
w 11 9,5 1 0,1
w 12 9,5 1 0,1
w 11,75 11,5 0,5 0,05
w 11,75 10,5 0,5 0,05
w 12,25 11,5 0,5 0,05
w 12,25 10,5 0,5 0,05
w 12 13,5 1 0,1
w 13 13,5 1 0,1
w 12,75 11,5 0,5 0,05
w 12,75 10,5 0,5 0,05
w 13,25 11,5 0,5 0,05
w 13,25 10,5 0,5 0,05
w 13 9,5 1 0,1
w 14,5 10 0,1 1
w 14 9,5 1 0,1
w 14,5 11 0,1 1
w 13,75 11,5 0,5 0,05
w 13,75 10,5 0,5 0,05
w 14,25 11,5 0,5 0,05
w 14,25 10,5 0,5 0,05
w 14,5 12 0,1 1
w 14,5 13 0,1 1
w 14 13,5 1 0,1
b 44
w 14,5 13 0,1 1
w 14,5 14 0,1 1
w 14,5 15 0,1 1
w 14,5 16 0,1 1
w 15 16,5 1 0,1
w 16 16,5 1 0,1
w 15,75 12,5 0,5 0,05
w 16,25 12,5 0,5 0,05
w 14,5 12 0,1 1
w 14,75 12,5 0,5 0,05
w 15,25 12,5 0,5 0,05
w 14,5 11 0,1 1
w 14,5 10 0,1 1
w 15 9,5 1 0,1
w 16 9,5 1 0,1
w 16,5 11,25 0,05 0,5
w 16,5 10,75 0,05 0,5
w 17,5 11,25 0,05 0,5
w 17,5 10,75 0,05 0,5
w 16,5 12,25 0,05 0,5
w 16,5 11,75 0,05 0,5
w 17,5 12,25 0,05 0,5
w 17,5 11,75 0,05 0,5
w 16,5 13,25 0,05 0,5
w 16,5 12,75 0,05 0,5
w 17,5 13,25 0,05 0,5
w 17,5 12,75 0,05 0,5
w 16,5 14,25 0,05 0,5
w 16,5 13,75 0,05 0,5
w 17,5 14,25 0,05 0,5
w 17,5 13,75 0,05 0,5
w 16,5 15,25 0,05 0,5
w 16,5 14,75 0,05 0,5
w 17,5 15,25 0,05 0,5
w 17,5 14,75 0,05 0,5
w 17 16,5 1 0,1
w 16,5 16,25 0,05 0,5
w 16,5 15,75 0,05 0,5
w 17,5 16,25 0,05 0,5
w 17,5 15,75 0,05 0,5
w 18 16,5 1 0,1
w 17,75 12,5 0,5 0,05
w 18,25 12,5 0,5 0,05
w 18 9,5 1 0,1
w 17 9,5 1 0,1
w 16,5 10,25 0,05 0,5
w 16,5 9,75 0,05 0,5
w 17,5 10,25 0,05 0,5
w 17,5 9,75 0,05 0,5
w 19,5 10 0,1 1
w 19 9,5 1 0,1
w 19,5 11 0,1 1
w 19,5 12 0,1 1
w 18,75 12,5 0,5 0,05
w 19,25 12,5 0,5 0,05
w 19,5 13 0,1 1
w 19,5 14 0,1 1
w 19,5 15 0,1 1
w 19,5 16 0,1 1
w 19 16,5 1 0,1
b 45
w 24,5 3 0,1 1
w 24 3,5 1 0,1
w 24,5 2 0,1 1
w 23 3,5 1 0,1
w 22 3,5 1 0,1
w 21,75 1,5 0,5 0,05
w 21,75 0,5 0,5 0,05
w 22,25 1,5 0,5 0,05
w 22,25 0,5 0,5 0,05
w 20,75 1,5 0,5 0,05
w 20,75 0,5 0,5 0,05
w 21,25 1,5 0,5 0,05
w 21,25 0,5 0,5 0,05
w 21 3,5 1 0,1
w 19,5 3 0,1 1
w 20 3,5 1 0,1
w 19,5 2 0,1 1
w 19,5 1 0,1 1
w 19,75 1,5 0,5 0,05
w 19,75 0,5 0,5 0,05
w 20,25 1,5 0,5 0,05
w 20,25 0,5 0,5 0,05
w 19,5 0 0,1 1
w 20 -0,5 1 0,1
w 21 -0,5 1 0,1
w 22 -0,5 1 0,1
w 23 -0,5 1 0,1
w 22,75 1,5 0,5 0,05
w 22,75 0,5 0,5 0,05
w 23,25 1,5 0,5 0,05
w 23,25 0,5 0,5 0,05
w 24,5 1 0,1 1
w 23,75 1,5 0,5 0,05
w 23,75 0,5 0,5 0,05
w 24,25 1,5 0,5 0,05
w 24,25 0,5 0,5 0,05
w 24,5 0 0,1 1
w 24 -0,5 1 0,1
b 46
w 19,5 16 0,1 1
w 20 16,5 1 0,1
w 19,5 15 0,1 1
w 19,5 14 0,1 1
w 19,5 13 0,1 1
w 19,75 13,5 0,5 0,05
w 20,25 13,5 0,5 0,05
w 19,5 12 0,1 1
w 19,75 12,5 0,5 0,05
w 20,25 12,5 0,5 0,05
w 19,5 11 0,1 1
w 19,5 10 0,1 1
w 20 9,5 1 0,1
w 21 9,5 1 0,1
w 20,75 12,5 0,5 0,05
w 21,25 12,5 0,5 0,05
w 20,75 13,5 0,5 0,05
w 21,25 13,5 0,5 0,05
w 21 16,5 1 0,1
w 22 16,5 1 0,1
w 21,5 16,25 0,05 0,5
w 21,5 15,75 0,05 0,5
w 22,5 16,25 0,05 0,5
w 22,5 15,75 0,05 0,5
w 21,5 15,25 0,05 0,5
w 21,5 14,75 0,05 0,5
w 22,5 15,25 0,05 0,5
w 22,5 14,75 0,05 0,5
w 21,5 14,25 0,05 0,5
w 21,5 13,75 0,05 0,5
w 22,5 14,25 0,05 0,5
w 22,5 13,75 0,05 0,5
w 21,5 13,25 0,05 0,5
w 21,5 12,75 0,05 0,5
w 22,5 13,25 0,05 0,5
w 22,5 12,75 0,05 0,5
w 21,5 12,25 0,05 0,5
w 21,5 11,75 0,05 0,5
w 22,5 12,25 0,05 0,5
w 22,5 11,75 0,05 0,5
w 21,5 11,25 0,05 0,5
w 21,5 10,75 0,05 0,5
w 22,5 11,25 0,05 0,5
w 22,5 10,75 0,05 0,5
w 22 9,5 1 0,1
w 21,5 10,25 0,05 0,5
w 21,5 9,75 0,05 0,5
w 22,5 10,25 0,05 0,5
w 22,5 9,75 0,05 0,5
w 23 9,5 1 0,1
w 22,75 12,5 0,5 0,05
w 23,25 12,5 0,5 0,05
w 22,75 13,5 0,5 0,05
w 23,25 13,5 0,5 0,05
w 23 16,5 1 0,1
w 24,5 16 0,1 1
w 24 16,5 1 0,1
w 24,5 15 0,1 1
w 24,5 14 0,1 1
w 24,5 13 0,1 1
w 23,75 13,5 0,5 0,05
w 24,25 13,5 0,5 0,05
w 24,5 12 0,1 1
w 23,75 12,5 0,5 0,05
w 24,25 12,5 0,5 0,05
w 24,5 11 0,1 1
w 24,5 10 0,1 1
w 24 9,5 1 0,1
b 47
w 19,5 23 0,1 1
w 20 23,5 1 0,1
w 19,5 22 0,1 1
w 20 21,5 1 0,1
w 21 21,5 1 0,1
w 21 23,5 1 0,1
w 22 23,5 1 0,1
w 22,5 23,25 0,05 0,5
w 22,5 22,75 0,05 0,5
w 22 21,5 1 0,1
w 22,5 22,25 0,05 0,5
w 22,5 21,75 0,05 0,5
w 23,5 22 0,1 1
w 23 21,5 1 0,1
w 23,5 23 0,1 1
w 23 23,5 1 0,1
w 24,5 25 0,1 1
w 24 24,5 1 0,1
w 24,5 26 0,1 1
w 24 26,5 1 0,1
w 23 26,5 1 0,1
w 19,5 26 0,1 1
w 20 26,5 1 0,1
w 19,5 25 0,1 1
w 20 24,5 1 0,1
w 21 24,5 1 0,1
w 21 26,5 1 0,1
w 22 26,5 1 0,1
w 22,5 26,25 0,05 0,5
w 22,5 25,75 0,05 0,5
w 22 24,5 1 0,1
w 22,5 25,25 0,05 0,5
w 22,5 24,75 0,05 0,5
w 23 24,5 1 0,1
b 48
w 24,5 8 0,1 1
w 25 8,5 1 0,1
w 24,5 7 0,1 1
w 24,5 6 0,1 1
w 24,75 6,5 0,5 0,05
w 24,75 5,5 0,5 0,05
w 25,25 6,5 0,5 0,05
w 25,25 5,5 0,5 0,05
w 24,5 5 0,1 1
w 25 4,5 1 0,1
w 26 4,5 1 0,1
w 25,75 6,5 0,5 0,05
w 25,75 5,5 0,5 0,05
w 26,25 6,5 0,5 0,05
w 26,25 5,5 0,5 0,05
w 26 8,5 1 0,1
w 27 8,5 1 0,1
w 28 8,5 1 0,1
w 26,75 6,5 0,5 0,05
w 26,75 5,5 0,5 0,05
w 27,25 6,5 0,5 0,05
w 27,25 5,5 0,5 0,05
w 27 4,5 1 0,1
w 28 4,5 1 0,1
w 27,75 6,5 0,5 0,05
w 27,75 5,5 0,5 0,05
w 28,25 6,5 0,5 0,05
w 28,25 5,5 0,5 0,05
w 29,5 6 0,1 1
w 28,75 6,5 0,5 0,05
w 28,75 5,5 0,5 0,05
w 29,25 6,5 0,5 0,05
w 29,25 5,5 0,5 0,05
w 29,5 7 0,1 1
w 29,5 8 0,1 1
w 29 8,5 1 0,1
w 29,5 5 0,1 1
w 29 4,5 1 0,1
b 49
w 24,5 19 0,1 1
w 25 18,5 1 0,1
w 24,5 20 0,1 1
w 24,5 21 0,1 1
w 24,75 21,5 0,5 0,05
w 24,75 20,5 0,5 0,05
w 25,25 21,5 0,5 0,05
w 25,25 20,5 0,5 0,05
w 24,5 22 0,1 1
w 24,5 23 0,1 1
w 25 23,5 1 0,1
w 26 23,5 1 0,1
w 25,75 21,5 0,5 0,05
w 25,75 20,5 0,5 0,05
w 26,25 21,5 0,5 0,05
w 26,25 20,5 0,5 0,05
w 26 18,5 1 0,1
w 27 18,5 1 0,1
w 26,75 21,5 0,5 0,05
w 26,75 20,5 0,5 0,05
w 27,25 21,5 0,5 0,05
w 27,25 20,5 0,5 0,05
w 27 23,5 1 0,1
w 29,5 23 0,1 1
w 29 23,5 1 0,1
w 28 23,5 1 0,1
w 27,75 21,5 0,5 0,05
w 27,75 20,5 0,5 0,05
w 28,25 21,5 0,5 0,05
w 28,25 20,5 0,5 0,05
w 28 18,5 1 0,1
w 29,5 19 0,1 1
w 29 18,5 1 0,1
w 29,5 20 0,1 1
w 29,5 21 0,1 1
w 28,75 21,5 0,5 0,05
w 28,75 20,5 0,5 0,05
w 29,25 21,5 0,5 0,05
w 29,25 20,5 0,5 0,05
w 29,5 22 0,1 1
b 50
w 24,5 24 0,1 1
w 25 23,5 1 0,1
w 24,5 25 0,1 1
w 24,5 28 0,1 1
w 25 28,5 1 0,1
w 24,5 27 0,1 1
w 24,5 26 0,1 1
w 24,75 26,5 0,5 0,05
w 24,75 25,5 0,5 0,05
w 25,25 26,5 0,5 0,05
w 25,25 25,5 0,5 0,05
w 25,75 26,5 0,5 0,05
w 25,75 25,5 0,5 0,05
w 26,25 26,5 0,5 0,05
w 26,25 25,5 0,5 0,05
w 26 28,5 1 0,1
w 27 28,5 1 0,1
w 26,75 26,5 0,5 0,05
w 26,75 25,5 0,5 0,05
w 27,25 26,5 0,5 0,05
w 27,25 25,5 0,5 0,05
w 26 23,5 1 0,1
w 27 23,5 1 0,1
w 28 23,5 1 0,1
w 27,75 26,5 0,5 0,05
w 27,75 25,5 0,5 0,05
w 28,25 26,5 0,5 0,05
w 28,25 25,5 0,5 0,05
w 28 28,5 1 0,1
w 29,5 28 0,1 1
w 29 28,5 1 0,1
w 29,5 27 0,1 1
w 29,5 26 0,1 1
w 28,75 26,5 0,5 0,05
w 28,75 25,5 0,5 0,05
w 29,25 26,5 0,5 0,05
w 29,25 25,5 0,5 0,05
w 29,5 25 0,1 1
w 29,5 24 0,1 1
w 29 23,5 1 0,1
b 51
w 29,5 0 0,1 1
w 30 -0,5 1 0,1
w 29,5 1 0,1 1
w 29,5 2 0,1 1
w 29,75 2,5 0,5 0,05
w 30,25 2,5 0,5 0,05
w 29,5 3 0,1 1
w 29,5 4 0,1 1
w 30 4,5 1 0,1
w 31 4,5 1 0,1
w 30,5 4,25 0,05 0,5
w 30,5 3,75 0,05 0,5
w 31,5 4,25 0,05 0,5
w 31,5 3,75 0,05 0,5
w 32 4,5 1 0,1
w 30,5 3,25 0,05 0,5
w 30,5 2,75 0,05 0,5
w 31,5 3,25 0,05 0,5
w 31,5 2,75 0,05 0,5
w 30,5 2,25 0,05 0,5
w 30,5 1,75 0,05 0,5
w 31,5 2,25 0,05 0,5
w 31,5 1,75 0,05 0,5
w 30,5 1,25 0,05 0,5
w 30,5 0,75 0,05 0,5
w 31,5 1,25 0,05 0,5
w 31,5 0,75 0,05 0,5
w 31 -0,5 1 0,1
w 30,5 0,25 0,05 0,5
w 30,5 -0,25 0,05 0,5
w 31,5 0,25 0,05 0,5
w 31,5 -0,25 0,05 0,5
w 32 -0,5 1 0,1
w 31,75 2,5 0,5 0,05
w 32,25 2,5 0,5 0,05
w 33,5 2 0,1 1
w 32,75 2,5 0,5 0,05
w 33,25 2,5 0,5 0,05
w 33,5 1 0,1 1
w 33,5 0 0,1 1
w 33 -0,5 1 0,1
w 33,5 3 0,1 1
w 33,5 4 0,1 1
w 33 4,5 1 0,1
b 52
w 29,5 19 0,1 1
w 30 19,5 1 0,1
w 29,5 18 0,1 1
w 29,5 17 0,1 1
w 29,5 16 0,1 1
w 29,5 15 0,1 1
w 30 14,5 1 0,1
w 31 14,5 1 0,1
w 30,5 15,25 0,05 0,5
w 30,5 14,75 0,05 0,5
w 31,5 15,25 0,05 0,5
w 31,5 14,75 0,05 0,5
w 30,5 16,25 0,05 0,5
w 30,5 15,75 0,05 0,5
w 31,5 16,25 0,05 0,5
w 31,5 15,75 0,05 0,5
w 30,5 17,25 0,05 0,5
w 30,5 16,75 0,05 0,5
w 31,5 17,25 0,05 0,5
w 31,5 16,75 0,05 0,5
w 30,5 18,25 0,05 0,5
w 30,5 17,75 0,05 0,5
w 31,5 18,25 0,05 0,5
w 31,5 17,75 0,05 0,5
w 31 19,5 1 0,1
w 30,5 19,25 0,05 0,5
w 30,5 18,75 0,05 0,5
w 31,5 19,25 0,05 0,5
w 31,5 18,75 0,05 0,5
w 33,5 19 0,1 1
w 33 19,5 1 0,1
w 33,5 18 0,1 1
w 33,5 17 0,1 1
w 33,5 16 0,1 1
w 33,5 15 0,1 1
w 33 14,5 1 0,1
w 32 14,5 1 0,1
w 32 19,5 1 0,1
b 53
w 24,5 35 0,1 1
w 25 34,5 1 0,1
w 24,5 36 0,1 1
w 24,5 37 0,1 1
w 24,75 37,5 0,5 0,05
w 24,75 36,5 0,5 0,05
w 25,25 37,5 0,5 0,05
w 25,25 36,5 0,5 0,05
w 24,5 38 0,1 1
w 24,5 39 0,1 1
w 25 39,5 1 0,1
w 26 39,5 1 0,1
w 26,5 39,25 0,05 0,5
w 26,5 38,75 0,05 0,5
w 26,5 38,25 0,05 0,5
w 26,5 37,75 0,05 0,5
w 25,75 37,5 0,5 0,05
w 25,75 36,5 0,5 0,05
w 26,25 37,5 0,5 0,05
w 26,25 36,5 0,5 0,05
w 26,5 36,25 0,05 0,5
w 26,5 35,75 0,05 0,5
w 26 34,5 1 0,1
w 26,5 35,25 0,05 0,5
w 26,5 34,75 0,05 0,5
w 27 34,5 1 0,1
w 26,75 37,5 0,5 0,05
w 26,75 36,5 0,5 0,05
w 27,25 37,5 0,5 0,05
w 27,25 36,5 0,5 0,05
w 27 39,5 1 0,1
w 28 39,5 1 0,1
w 27,75 37,5 0,5 0,05
w 27,75 36,5 0,5 0,05
w 28,25 37,5 0,5 0,05
w 28,25 36,5 0,5 0,05
w 28 34,5 1 0,1
w 29,5 35 0,1 1
w 29 34,5 1 0,1
w 29,5 36 0,1 1
w 29,5 37 0,1 1
w 28,75 37,5 0,5 0,05
w 28,75 36,5 0,5 0,05
w 29,25 37,5 0,5 0,05
w 29,25 36,5 0,5 0,05
w 29,5 38 0,1 1
w 29,5 39 0,1 1
w 29 39,5 1 0,1
b 54
w 9,5 5 0,1 1
w 10 4,5 1 0,1
w 9,5 6 0,1 1
w 9,5 7 0,1 1
w 9,5 8 0,1 1
w 9,5 9 0,1 1
w 10 9,5 1 0,1
w 11 9,5 1 0,1
w 10,5 9,25 0,05 0,5
w 10,5 8,75 0,05 0,5
w 11,5 9,25 0,05 0,5
w 11,5 8,75 0,05 0,5
w 10,5 8,25 0,05 0,5
w 10,5 7,75 0,05 0,5
w 11,5 8,25 0,05 0,5
w 11,5 7,75 0,05 0,5
w 10,5 7,25 0,05 0,5
w 10,5 6,75 0,05 0,5
w 11,5 7,25 0,05 0,5
w 11,5 6,75 0,05 0,5
w 10,5 6,25 0,05 0,5
w 10,5 5,75 0,05 0,5
w 11,5 6,25 0,05 0,5
w 11,5 5,75 0,05 0,5
w 11 4,5 1 0,1
w 10,5 5,25 0,05 0,5
w 10,5 4,75 0,05 0,5
w 11,5 5,25 0,05 0,5
w 11,5 4,75 0,05 0,5
w 12 4,5 1 0,1
w 12 9,5 1 0,1
w 13,5 9 0,1 1
w 13 9,5 1 0,1
w 13,5 8 0,1 1
w 13,5 7 0,1 1
w 13,5 6 0,1 1
w 13,5 5 0,1 1
w 13 4,5 1 0,1
b 55
w 18,5 5 0,1 1
w 18 4,5 1 0,1
w 18,5 6 0,1 1
w 17,75 6,5 0,5 0,05
w 17,75 5,5 0,5 0,05
w 18,25 6,5 0,5 0,05
w 18,25 5,5 0,5 0,05
w 18,5 7 0,1 1
w 18,5 8 0,1 1
w 18 8,5 1 0,1
w 17 8,5 1 0,1
w 16,75 6,5 0,5 0,05
w 16,75 5,5 0,5 0,05
w 17,25 6,5 0,5 0,05
w 17,25 5,5 0,5 0,05
w 17 4,5 1 0,1
w 16 4,5 1 0,1
w 15,75 6,5 0,5 0,05
w 15,75 5,5 0,5 0,05
w 16,25 6,5 0,5 0,05
w 16,25 5,5 0,5 0,05
w 16 8,5 1 0,1
w 14,5 8 0,1 1
w 15 8,5 1 0,1
w 14,5 7 0,1 1
w 14,5 6 0,1 1
w 14,75 6,5 0,5 0,05
w 14,75 5,5 0,5 0,05
w 15,25 6,5 0,5 0,05
w 15,25 5,5 0,5 0,05
w 14,5 5 0,1 1
w 15 4,5 1 0,1
b 56
w 19,5 21 0,1 1
w 20 21,5 1 0,1
w 19,5 20 0,1 1
w 19,5 19 0,1 1
w 19,75 19,5 0,5 0,05
w 19,75 18,5 0,5 0,05
w 20,25 19,5 0,5 0,05
w 20,25 18,5 0,5 0,05
w 19,5 18 0,1 1
w 19,5 17 0,1 1
w 20 16,5 1 0,1
w 21 16,5 1 0,1
w 20,75 19,5 0,5 0,05
w 20,75 18,5 0,5 0,05
w 21,25 19,5 0,5 0,05
w 21,25 18,5 0,5 0,05
w 21 21,5 1 0,1
w 22 21,5 1 0,1
w 21,75 19,5 0,5 0,05
w 21,75 18,5 0,5 0,05
w 22,25 19,5 0,5 0,05
w 22,25 18,5 0,5 0,05
w 22 16,5 1 0,1
w 23 16,5 1 0,1
w 23,5 19 0,1 1
w 22,75 19,5 0,5 0,05
w 22,75 18,5 0,5 0,05
w 23,25 19,5 0,5 0,05
w 23,25 18,5 0,5 0,05
w 23,5 20 0,1 1
w 23,5 21 0,1 1
w 23 21,5 1 0,1
w 24,5 18 0,1 1
w 24 18,5 1 0,1
w 24,5 17 0,1 1
w 24 16,5 1 0,1
b 57
w 24,5 4 0,1 1
w 25 4,5 1 0,1
w 24,5 3 0,1 1
w 24,5 0 0,1 1
w 25 -0,5 1 0,1
w 24,5 1 0,1 1
w 24,5 2 0,1 1
w 24,75 2,5 0,5 0,05
w 24,75 1,5 0,5 0,05
w 25,25 2,5 0,5 0,05
w 25,25 1,5 0,5 0,05
w 25,75 2,5 0,5 0,05
w 25,75 1,5 0,5 0,05
w 26,25 2,5 0,5 0,05
w 26,25 1,5 0,5 0,05
w 26 4,5 1 0,1
w 27 4,5 1 0,1
w 26,75 2,5 0,5 0,05
w 26,75 1,5 0,5 0,05
w 27,25 2,5 0,5 0,05
w 27,25 1,5 0,5 0,05
w 26 -0,5 1 0,1
w 27 -0,5 1 0,1
w 28 -0,5 1 0,1
w 27,75 2,5 0,5 0,05
w 27,75 1,5 0,5 0,05
w 28,25 2,5 0,5 0,05
w 28,25 1,5 0,5 0,05
w 28 4,5 1 0,1
w 29,5 4 0,1 1
w 29 4,5 1 0,1
w 29,5 3 0,1 1
w 29,5 2 0,1 1
w 28,75 2,5 0,5 0,05
w 28,75 1,5 0,5 0,05
w 29,25 2,5 0,5 0,05
w 29,25 1,5 0,5 0,05
w 29,5 1 0,1 1
w 29,5 0 0,1 1
w 29 -0,5 1 0,1
b 58
w 24,5 10 0,1 1
w 24,5 11 0,1 1
w 24,5 12 0,1 1
w 24,5 13 0,1 1
w 25 13,5 1 0,1
w 26 13,5 1 0,1
w 25,5 13,25 0,05 0,5
w 25,5 12,75 0,05 0,5
w 26,5 13,25 0,05 0,5
w 26,5 12,75 0,05 0,5
w 25,5 12,25 0,05 0,5
w 25,5 11,75 0,05 0,5
w 26,5 12,25 0,05 0,5
w 26,5 11,75 0,05 0,5
w 25,5 11,25 0,05 0,5
w 25,5 10,75 0,05 0,5
w 26,5 11,25 0,05 0,5
w 26,5 10,75 0,05 0,5
w 25,5 10,25 0,05 0,5
w 25,5 9,75 0,05 0,5
w 26,5 10,25 0,05 0,5
w 26,5 9,75 0,05 0,5
w 26 8,5 1 0,1
w 25,5 9,25 0,05 0,5
w 25,5 8,75 0,05 0,5
w 26,5 9,25 0,05 0,5
w 26,5 8,75 0,05 0,5
w 24,5 9 0,1 1
w 25 8,5 1 0,1
w 27 8,5 1 0,1
w 27 13,5 1 0,1
w 28,5 13 0,1 1
w 28 13,5 1 0,1
w 28,5 12 0,1 1
w 28,5 11 0,1 1
w 28,5 10 0,1 1
w 28,5 9 0,1 1
w 28 8,5 1 0,1
b 59
w 24,5 14 0,1 1
w 25 13,5 1 0,1
w 24,5 15 0,1 1
w 24,5 16 0,1 1
w 24,75 16,5 0,5 0,05
w 24,75 15,5 0,5 0,05
w 25,25 16,5 0,5 0,05
w 25,25 15,5 0,5 0,05
w 24,5 17 0,1 1
w 24,5 18 0,1 1
w 25 18,5 1 0,1
w 26 18,5 1 0,1
w 25,75 16,5 0,5 0,05
w 25,75 15,5 0,5 0,05
w 26,25 16,5 0,5 0,05
w 26,25 15,5 0,5 0,05
w 26 13,5 1 0,1
w 27 13,5 1 0,1
w 26,75 16,5 0,5 0,05
w 26,75 15,5 0,5 0,05
w 27,25 16,5 0,5 0,05
w 27,25 15,5 0,5 0,05
w 27 18,5 1 0,1
w 28 18,5 1 0,1
w 27,75 16,5 0,5 0,05
w 27,75 15,5 0,5 0,05
w 28,25 16,5 0,5 0,05
w 28,25 15,5 0,5 0,05
w 28,5 14 0,1 1
w 28 13,5 1 0,1
w 29,5 15 0,1 1
w 29 14,5 1 0,1
w 29,5 16 0,1 1
w 28,75 16,5 0,5 0,05
w 28,75 15,5 0,5 0,05
w 29,25 16,5 0,5 0,05
w 29,25 15,5 0,5 0,05
w 29,5 17 0,1 1
w 29,5 18 0,1 1
w 29 18,5 1 0,1
b 60
w 19,5 0 0,1 1
w 19 -0,5 1 0,1
w 19,5 1 0,1 1
w 19,5 2 0,1 1
w 18,75 2,5 0,5 0,05
w 18,75 1,5 0,5 0,05
w 19,25 2,5 0,5 0,05
w 19,25 1,5 0,5 0,05
w 19,5 3 0,1 1
w 19 3,5 1 0,1
w 18,5 4 0,1 1
w 18 4,5 1 0,1
w 17 4,5 1 0,1
w 16,75 2,5 0,5 0,05
w 16,75 1,5 0,5 0,05
w 17,25 2,5 0,5 0,05
w 17,25 1,5 0,5 0,05
w 15,75 2,5 0,5 0,05
w 15,75 1,5 0,5 0,05
w 16,25 2,5 0,5 0,05
w 16,25 1,5 0,5 0,05
w 16 4,5 1 0,1
w 14,5 4 0,1 1
w 15 4,5 1 0,1
w 14,5 3 0,1 1
w 14,5 2 0,1 1
w 14,75 2,5 0,5 0,05
w 14,75 1,5 0,5 0,05
w 15,25 2,5 0,5 0,05
w 15,25 1,5 0,5 0,05
w 14,5 1 0,1 1
w 14,5 0 0,1 1
w 15 -0,5 1 0,1
w 16 -0,5 1 0,1
w 17 -0,5 1 0,1
w 18 -0,5 1 0,1
w 17,75 2,5 0,5 0,05
w 17,75 1,5 0,5 0,05
w 18,25 2,5 0,5 0,05
w 18,25 1,5 0,5 0,05
r 4 0
r 4 1
r 4 2
r 4 3
r 4 20
r 4 21
r 4 22
r 4 23
r 4 35
r 4 36
r 4 37
r 4 38
r 4 39
r 9 0
r 9 1
r 9 2
r 9 3
r 9 5
r 9 6
r 9 7
r 9 8
r 9 10
r 9 11
r 9 12
r 9 13
r 9 20
r 9 21
r 9 22
r 9 23
r 9 30
r 9 31
r 9 32
r 9 33
r 14 0
r 14 1
r 14 2
r 14 3
r 14 5
r 14 6
r 14 7
r 14 8
r 14 15
r 14 16
r 14 17
r 14 18
r 14 20
r 14 21
r 14 22
r 14 23
r 14 35
r 14 36
r 14 37
r 14 38
r 14 39
r 19 5
r 19 6
r 19 7
r 19 8
r 19 25
r 19 26
r 19 27
r 19 28
r 19 30
r 19 31
r 19 32
r 19 33
r 24 5
r 24 6
r 24 7
r 24 8
r 24 20
r 24 21
r 24 22
r 24 23
r 24 35
r 24 36
r 24 37
r 24 38
r 24 39
r 29 10
r 29 11
r 29 12
r 29 13
r 29 30
r 29 31
r 29 32
r 29 33
r 34 0
r 34 1
r 34 2
r 34 3
r 34 5
r 34 6
r 34 7
r 34 8
r 34 10
r 34 11
r 34 12
r 34 13
r 34 15
r 34 16
r 34 17
r 34 18
r 34 20
r 34 21
r 34 22
r 34 23
r 34 25
r 34 26
r 34 27
r 34 28
r 34 30
r 34 31
r 34 32
r 34 33
r 0 4
r 1 4
r 2 4
r 3 4
r 5 4
r 6 4
r 7 4
r 8 4
r 10 4
r 11 4
r 12 4
r 13 4
r 20 4
r 21 4
r 22 4
r 23 4
r 35 4
r 36 4
r 37 4
r 38 4
r 39 4
r 0 9
r 1 9
r 2 9
r 3 9
r 5 9
r 6 9
r 7 9
r 8 9
r 15 9
r 16 9
r 17 9
r 18 9
r 20 9
r 21 9
r 22 9
r 23 9
r 30 9
r 31 9
r 32 9
r 33 9
r 0 14
r 1 14
r 2 14
r 3 14
r 5 14
r 6 14
r 7 14
r 8 14
r 10 14
r 11 14
r 12 14
r 13 14
r 30 14
r 31 14
r 32 14
r 33 14
r 35 14
r 36 14
r 37 14
r 38 14
r 39 14
r 0 19
r 1 19
r 2 19
r 3 19
r 10 19
r 11 19
r 12 19
r 13 19
r 35 19
r 36 19
r 37 19
r 38 19
r 39 19
r 0 24
r 1 24
r 2 24
r 3 24
r 5 24
r 6 24
r 7 24
r 8 24
r 10 24
r 11 24
r 12 24
r 13 24
r 15 24
r 16 24
r 17 24
r 18 24
r 20 24
r 21 24
r 22 24
r 23 24
r 35 24
r 36 24
r 37 24
r 38 24
r 39 24
r 0 29
r 1 29
r 2 29
r 3 29
r 5 29
r 6 29
r 7 29
r 8 29
r 30 29
r 31 29
r 32 29
r 33 29
r 35 29
r 36 29
r 37 29
r 38 29
r 39 29
r 0 34
r 1 34
r 2 34
r 3 34
r 5 34
r 6 34
r 7 34
r 8 34
r 10 34
r 11 34
r 12 34
r 13 34
r 15 34
r 16 34
r 17 34
r 18 34
r 20 34
r 21 34
r 22 34
r 23 34
r 25 34
r 26 34
r 27 34
r 28 34
r 30 34
r 31 34
r 32 34
r 33 34
r 35 34
r 36 34
r 37 34
r 38 34
r 39 34
