b 0
w -0,5 0 0,1 1
w 0 -0,5 1 0,1
w -0,5 1 0,1 1
w -0,25 1,5 0,5 0,05
w -0,25 0,5 0,5 0,05
w 0,25 1,5 0,5 0,05
w 0,25 0,5 0,5 0,05
w -0,5 2 0,1 1
w 0 2,5 1 0,1
w 1 2,5 1 0,1
w 0,75 1,5 0,5 0,05
w 0,75 0,5 0,5 0,05
w 1,25 1,5 0,5 0,05
w 1,25 0,5 0,5 0,05
w 1 -0,5 1 0,1
w 2,5 0 0,1 1
w 2 -0,5 1 0,1
w 2,5 1 0,1 1
w 1,75 1,5 0,5 0,05
w 1,75 0,5 0,5 0,05
w 2,25 1,5 0,5 0,05
w 2,25 0,5 0,5 0,05
w 2,5 2 0,1 1
w 2 2,5 1 0,1
b 1
w 6,5 4 0,1 1
w 5,5 4 0,1 1
w 6 3,5 1 0,1
w 6,5 5 0,1 1
w 5,5 5 0,1 1
w 6,5 6 0,1 1
w 5,5 6 0,1 1
w 6,5 7 0,1 1
w 5,5 7 0,1 1
w 5,5 8 0,1 1
w 5,5 9 0,1 1
w 5,75 9,5 0,5 0,05
w 5,75 8,5 0,5 0,05
w 6,25 9,5 0,5 0,05
w 6,25 8,5 0,5 0,05
w 5,5 10 0,1 1
w 6 10,5 1 0,1
w 7 10,5 1 0,1
w 7,5 10,25 0,05 0,5
w 7,5 9,75 0,05 0,5
w 6,75 9,5 0,5 0,05
w 6,75 8,5 0,5 0,05
w 7,25 9,5 0,5 0,05
w 7,25 8,5 0,5 0,05
w 7 7,5 1 0,1
w 7,5 8,25 0,05 0,5
w 7,5 7,75 0,05 0,5
w 8 7,5 1 0,1
w 7,75 9,5 0,5 0,05
w 7,75 8,5 0,5 0,05
w 8,25 9,5 0,5 0,05
w 8,25 8,5 0,5 0,05
w 8 10,5 1 0,1
w 9 10,5 1 0,1
w 8,75 9,5 0,5 0,05
w 8,75 8,5 0,5 0,05
w 9,25 9,5 0,5 0,05
w 9,25 8,5 0,5 0,05
w 9 7,5 1 0,1
w 10,5 8 0,1 1
w 10 7,5 1 0,1
w 10,5 9 0,1 1
w 9,75 9,5 0,5 0,05
w 9,75 8,5 0,5 0,05
w 10,25 9,5 0,5 0,05
w 10,25 8,5 0,5 0,05
w 10,5 10 0,1 1
w 10 10,5 1 0,1
b 2
w -0,5 8 0,1 1
w 0 7,5 1 0,1
w -0,5 9 0,1 1
w -0,25 9,5 0,5 0,05
w -0,25 8,5 0,5 0,05
w 0,25 9,5 0,5 0,05
w 0,25 8,5 0,5 0,05
w -0,5 10 0,1 1
w 0 10,5 1 0,1
w 1 10,5 1 0,1
w 0,75 9,5 0,5 0,05
w 0,75 8,5 0,5 0,05
w 1,25 9,5 0,5 0,05
w 1,25 8,5 0,5 0,05
w 1 7,5 1 0,1
w 2,5 8 0,1 1
w 2 7,5 1 0,1
w 2,5 9 0,1 1
w 1,75 9,5 0,5 0,05
w 1,75 8,5 0,5 0,05
w 2,25 9,5 0,5 0,05
w 2,25 8,5 0,5 0,05
w 2,5 10 0,1 1
w 2 10,5 1 0,1
b 3
w 3,5 12 0,1 1
w 4 11,5 1 0,1
w 3,5 13 0,1 1
w 3,75 13,5 0,5 0,05
w 3,75 12,5 0,5 0,05
w 4,25 13,5 0,5 0,05
w 4,25 12,5 0,5 0,05
w 3,5 14 0,1 1
w 4 14,5 1 0,1
w 5 14,5 1 0,1
w 4,75 13,5 0,5 0,05
w 4,75 12,5 0,5 0,05
w 5,25 13,5 0,5 0,05
w 5,25 12,5 0,5 0,05
w 5 11,5 1 0,1
w 6,5 12 0,1 1
w 6 11,5 1 0,1
w 6,5 13 0,1 1
w 5,75 13,5 0,5 0,05
w 5,75 12,5 0,5 0,05
w 6,25 13,5 0,5 0,05
w 6,25 12,5 0,5 0,05
w 6,5 14 0,1 1
w 6 14,5 1 0,1
b 4
w 3,5 16 0,1 1
w 4 15,5 1 0,1
w 3,5 17 0,1 1
w 3,75 17,5 0,5 0,05
w 3,75 16,5 0,5 0,05
w 4,25 17,5 0,5 0,05
w 4,25 16,5 0,5 0,05
w 3,5 18 0,1 1
w 4 18,5 1 0,1
w 5 18,5 1 0,1
w 4,75 17,5 0,5 0,05
w 4,75 16,5 0,5 0,05
w 5,25 17,5 0,5 0,05
w 5,25 16,5 0,5 0,05
w 5 15,5 1 0,1
w 6,5 16 0,1 1
w 6 15,5 1 0,1
w 6,5 17 0,1 1
w 5,75 17,5 0,5 0,05
w 5,75 16,5 0,5 0,05
w 6,25 17,5 0,5 0,05
w 6,25 16,5 0,5 0,05
w 6,5 18 0,1 1
w 6 18,5 1 0,1
b 5
w 3,5 20 0,1 1
w 4 19,5 1 0,1
w 3,5 21 0,1 1
w 3,75 21,5 0,5 0,05
w 3,75 20,5 0,5 0,05
w 4,25 21,5 0,5 0,05
w 4,25 20,5 0,5 0,05
w 3,5 22 0,1 1
w 4 22,5 1 0,1
w 5 22,5 1 0,1
w 4,75 21,5 0,5 0,05
w 4,75 20,5 0,5 0,05
w 5,25 21,5 0,5 0,05
w 5,25 20,5 0,5 0,05
w 5 19,5 1 0,1
w 6,5 20 0,1 1
w 6 19,5 1 0,1
w 6,5 21 0,1 1
w 5,75 21,5 0,5 0,05
w 5,75 20,5 0,5 0,05
w 6,25 21,5 0,5 0,05
w 6,25 20,5 0,5 0,05
w 6,5 22 0,1 1
w 6 22,5 1 0,1
b 6
w 18,5 20 0,1 1
w 17,5 20 0,1 1
w 18 19,5 1 0,1
w 18,5 21 0,1 1
w 17,5 21 0,1 1
w 18,5 22 0,1 1
w 17,5 22 0,1 1
w 18,5 23 0,1 1
w 17,5 23 0,1 1
w 18,5 24 0,1 1
w 17,5 24 0,1 1
w 18,5 25 0,1 1
w 17,5 25 0,1 1
w 18,5 26 0,1 1
w 17,5 26 0,1 1
w 18,5 27 0,1 1
w 17,5 27 0,1 1
w 17,5 28 0,1 1
w 17,5 29 0,1 1
w 17,75 29,5 0,5 0,05
w 17,75 28,5 0,5 0,05
w 18,25 29,5 0,5 0,05
w 18,25 28,5 0,5 0,05
w 17,5 30 0,1 1
w 18 30,5 1 0,1
w 19 30,5 1 0,1
w 18,75 29,5 0,5 0,05
w 18,75 28,5 0,5 0,05
w 19,25 29,5 0,5 0,05
w 19,25 28,5 0,5 0,05
w 19 27,5 1 0,1
w 20 27,5 1 0,1
w 19,75 29,5 0,5 0,05
w 19,75 28,5 0,5 0,05
w 20,25 29,5 0,5 0,05
w 20,25 28,5 0,5 0,05
w 20 30,5 1 0,1
w 21 30,5 1 0,1
w 20,75 29,5 0,5 0,05
w 20,75 28,5 0,5 0,05
w 21,25 29,5 0,5 0,05
w 21,25 28,5 0,5 0,05
w 21 27,5 1 0,1
w 22,5 28 0,1 1
w 22 27,5 1 0,1
w 22,5 29 0,1 1
w 21,75 29,5 0,5 0,05
w 21,75 28,5 0,5 0,05
w 22,25 29,5 0,5 0,05
w 22,25 28,5 0,5 0,05
w 22,5 30 0,1 1
w 22 30,5 1 0,1
b 7
w -0,5 36 0,1 1
w 0 35,5 1 0,1
w -0,5 37 0,1 1
w -0,25 37,5 0,5 0,05
w -0,25 36,5 0,5 0,05
w 0,25 37,5 0,5 0,05
w 0,25 36,5 0,5 0,05
w -0,5 38 0,1 1
w 0 38,5 1 0,1
w 1 38,5 1 0,1
w 0,75 37,5 0,5 0,05
w 0,75 36,5 0,5 0,05
w 1,25 37,5 0,5 0,05
w 1,25 36,5 0,5 0,05
w 1 35,5 1 0,1
w 2,5 36 0,1 1
w 2 35,5 1 0,1
w 2,5 37 0,1 1
w 1,75 37,5 0,5 0,05
w 1,75 36,5 0,5 0,05
w 2,25 37,5 0,5 0,05
w 2,25 36,5 0,5 0,05
w 2,5 38 0,1 1
w 2 38,5 1 0,1
b 8
w -0,5 40 0,1 1
w 0 39,5 1 0,1
w -0,5 41 0,1 1
w -0,25 41,5 0,5 0,05
w -0,25 40,5 0,5 0,05
w 0,25 41,5 0,5 0,05
w 0,25 40,5 0,5 0,05
w -0,5 42 0,1 1
w 0 42,5 1 0,1
w 1 42,5 1 0,1
w 0,75 41,5 0,5 0,05
w 0,75 40,5 0,5 0,05
w 1,25 41,5 0,5 0,05
w 1,25 40,5 0,5 0,05
w 1 39,5 1 0,1
w 2,5 40 0,1 1
w 2 39,5 1 0,1
w 2,5 41 0,1 1
w 1,75 41,5 0,5 0,05
w 1,75 40,5 0,5 0,05
w 2,25 41,5 0,5 0,05
w 2,25 40,5 0,5 0,05
w 2,5 42 0,1 1
w 2 42,5 1 0,1
b 9
w -0,5 44 0,1 1
w 0 43,5 1 0,1
w -0,5 45 0,1 1
w -0,25 45,5 0,5 0,05
w 0,25 45,5 0,5 0,05
w -0,5 46 0,1 1
w -0,5 47 0,1 1
w -0,25 47,5 0,5 0,05
w 0,25 47,5 0,5 0,05
w -0,5 48 0,1 1
w -0,5 49 0,1 1
w 0 49,5 1 0,1
w 1 49,5 1 0,1
w 0,5 49,25 0,05 0,5
w 0,5 48,75 0,05 0,5
w 1,5 49,25 0,05 0,5
w 1,5 48,75 0,05 0,5
w 0,5 48,25 0,05 0,5
w 0,5 47,75 0,05 0,5
w 1,5 48,25 0,05 0,5
w 1,5 47,75 0,05 0,5
w 0,5 47,25 0,05 0,5
w 0,5 46,75 0,05 0,5
w 1,5 47,25 0,05 0,5
w 1,5 46,75 0,05 0,5
w 0,5 46,25 0,05 0,5
w 0,5 45,75 0,05 0,5
w 1,5 46,25 0,05 0,5
w 1,5 45,75 0,05 0,5
w 0,5 45,25 0,05 0,5
w 0,5 44,75 0,05 0,5
w 1,5 45,25 0,05 0,5
w 1,5 44,75 0,05 0,5
w 1 43,5 1 0,1
w 0,5 44,25 0,05 0,5
w 0,5 43,75 0,05 0,5
w 1,5 44,25 0,05 0,5
w 1,5 43,75 0,05 0,5
w 2,5 44 0,1 1
w 2 43,5 1 0,1
w 2,5 45 0,1 1
w 1,75 45,5 0,5 0,05
w 2,25 45,5 0,5 0,05
w 2,5 46 0,1 1
w 2,5 47 0,1 1
w 1,75 47,5 0,5 0,05
w 2,25 47,5 0,5 0,05
w 2,5 48 0,1 1
w 2,5 49 0,1 1
w 2 49,5 1 0,1
b 10
w 7,5 0 0,1 1
w 8 -0,5 1 0,1
w 7,5 1 0,1 1
w 7,75 1,5 0,5 0,05
w 7,75 0,5 0,5 0,05
w 8,25 1,5 0,5 0,05
w 8,25 0,5 0,5 0,05
w 7,5 2 0,1 1
w 8 2,5 1 0,1
w 9 2,5 1 0,1
w 8,75 1,5 0,5 0,05
w 8,75 0,5 0,5 0,05
w 9,25 1,5 0,5 0,05
w 9,25 0,5 0,5 0,05
w 9 -0,5 1 0,1
w 10,5 0 0,1 1
w 10 -0,5 1 0,1
w 10,5 1 0,1 1
w 9,75 1,5 0,5 0,05
w 9,75 0,5 0,5 0,05
w 10,25 1,5 0,5 0,05
w 10,25 0,5 0,5 0,05
w 10,5 2 0,1 1
w 10 2,5 1 0,1
b 11
w 3,5 44 0,1 1
w 4 43,5 1 0,1
w 3,5 45 0,1 1
w 3,75 45,5 0,5 0,05
w 4,25 45,5 0,5 0,05
w 3,5 46 0,1 1
w 3,5 47 0,1 1
w 3,5 48 0,1 1
w 3,5 49 0,1 1
w 4 49,5 1 0,1
w 5 49,5 1 0,1
w 4,5 49,25 0,05 0,5
w 4,5 48,75 0,05 0,5
w 5,5 49,25 0,05 0,5
w 5,5 48,75 0,05 0,5
w 4,5 48,25 0,05 0,5
w 4,5 47,75 0,05 0,5
w 5,5 48,25 0,05 0,5
w 5,5 47,75 0,05 0,5
w 4,5 47,25 0,05 0,5
w 4,5 46,75 0,05 0,5
w 5,5 47,25 0,05 0,5
w 5,5 46,75 0,05 0,5
w 4,5 46,25 0,05 0,5
w 4,5 45,75 0,05 0,5
w 5,5 46,25 0,05 0,5
w 5,5 45,75 0,05 0,5
w 4,5 45,25 0,05 0,5
w 4,5 44,75 0,05 0,5
w 5,5 45,25 0,05 0,5
w 5,5 44,75 0,05 0,5
w 5 43,5 1 0,1
w 4,5 44,25 0,05 0,5
w 4,5 43,75 0,05 0,5
w 5,5 44,25 0,05 0,5
w 5,5 43,75 0,05 0,5
w 6,5 44 0,1 1
w 6 43,5 1 0,1
w 6,5 45 0,1 1
w 5,75 45,5 0,5 0,05
w 6,25 45,5 0,5 0,05
w 6,5 46 0,1 1
w 6,5 47 0,1 1
w 6,5 48 0,1 1
w 6,5 49 0,1 1
w 6 49,5 1 0,1
b 12
w 16,5 18 0,1 1
w 17 18,5 1 0,1
w 16,5 18,25 0,05 0,5
w 16,5 17,75 0,05 0,5
w 17,5 18,25 0,05 0,5
w 17,5 17,75 0,05 0,5
w 16,5 17 0,1 1
w 16,5 17,25 0,05 0,5
w 16,5 16,75 0,05 0,5
w 17,5 17,25 0,05 0,5
w 17,5 16,75 0,05 0,5
w 16,5 16 0,1 1
w 16,5 16,25 0,05 0,5
w 16,5 15,75 0,05 0,5
w 17,5 16,25 0,05 0,5
w 17,5 15,75 0,05 0,5
w 16,5 15 0,1 1
w 17 14,5 1 0,1
w 16,5 15,25 0,05 0,5
w 16,5 14,75 0,05 0,5
w 17,5 15,25 0,05 0,5
w 17,5 14,75 0,05 0,5
w 18,5 15 0,1 1
w 18 14,5 1 0,1
w 18,5 16 0,1 1
w 18,5 17 0,1 1
w 18,5 18 0,1 1
w 18 18,5 1 0,1
b 13
w 7,5 12 0,1 1
w 8 11,5 1 0,1
w 7,5 13 0,1 1
w 7,75 13,5 0,5 0,05
w 7,75 12,5 0,5 0,05
w 8,25 13,5 0,5 0,05
w 8,25 12,5 0,5 0,05
w 7,5 14 0,1 1
w 8 14,5 1 0,1
w 9 14,5 1 0,1
w 8,75 13,5 0,5 0,05
w 8,75 12,5 0,5 0,05
w 9,25 13,5 0,5 0,05
w 9,25 12,5 0,5 0,05
w 9 11,5 1 0,1
w 10,5 12 0,1 1
w 10 11,5 1 0,1
w 10,5 13 0,1 1
w 9,75 13,5 0,5 0,05
w 9,75 12,5 0,5 0,05
w 10,25 13,5 0,5 0,05
w 10,25 12,5 0,5 0,05
w 10,5 14 0,1 1
w 10 14,5 1 0,1
b 14
w 11,5 16 0,1 1
w 12 15,5 1 0,1
w 11,5 17 0,1 1
w 11,75 17,5 0,5 0,05
w 11,75 16,5 0,5 0,05
w 12,25 17,5 0,5 0,05
w 12,25 16,5 0,5 0,05
w 11,5 18 0,1 1
w 12 18,5 1 0,1
w 13 18,5 1 0,1
w 12,75 17,5 0,5 0,05
w 12,75 16,5 0,5 0,05
w 13,25 17,5 0,5 0,05
w 13,25 16,5 0,5 0,05
w 13 15,5 1 0,1
w 14,5 16 0,1 1
w 14 15,5 1 0,1
w 14,5 17 0,1 1
w 13,75 17,5 0,5 0,05
w 13,75 16,5 0,5 0,05
w 14,25 17,5 0,5 0,05
w 14,25 16,5 0,5 0,05
w 14,5 18 0,1 1
w 14 18,5 1 0,1
b 15
w 20,5 49 0,1 1
w 21 49,5 1 0,1
w 20,5 48 0,1 1
w 20,5 47 0,1 1
w 20,5 46 0,1 1
w 20,75 46,5 0,5 0,05
w 20,75 45,5 0,5 0,05
w 21,25 46,5 0,5 0,05
w 21,25 45,5 0,5 0,05
w 20,5 45 0,1 1
w 20,5 44 0,1 1
w 21 43,5 1 0,1
w 22 43,5 1 0,1
w 21,75 46,5 0,5 0,05
w 21,75 45,5 0,5 0,05
w 22,25 46,5 0,5 0,05
w 22,25 45,5 0,5 0,05
w 22 49,5 1 0,1
w 23 49,5 1 0,1
w 22,75 46,5 0,5 0,05
w 22,75 45,5 0,5 0,05
w 23,25 46,5 0,5 0,05
w 23,25 45,5 0,5 0,05
w 23 43,5 1 0,1
w 24 43,5 1 0,1
w 23,75 46,5 0,5 0,05
w 23,75 45,5 0,5 0,05
w 24,25 46,5 0,5 0,05
w 24,25 45,5 0,5 0,05
w 24 49,5 1 0,1
w 25 49,5 1 0,1
w 24,75 46,5 0,5 0,05
w 24,75 45,5 0,5 0,05
w 25,25 46,5 0,5 0,05
w 25,25 45,5 0,5 0,05
w 25 43,5 1 0,1
w 26,5 44 0,1 1
w 26 43,5 1 0,1
w 26,5 45 0,1 1
w 26,5 46 0,1 1
w 25,75 46,5 0,5 0,05
w 25,75 45,5 0,5 0,05
w 26,25 46,5 0,5 0,05
w 26,25 45,5 0,5 0,05
w 26,5 47 0,1 1
w 26,5 48 0,1 1
w 26,5 49 0,1 1
w 26 49,5 1 0,1
b 16
w 15,5 0 0,1 1
w 16 -0,5 1 0,1
w 15,5 1 0,1 1
w 15,75 1,5 0,5 0,05
w 15,75 0,5 0,5 0,05
w 16,25 1,5 0,5 0,05
w 16,25 0,5 0,5 0,05
w 15,5 2 0,1 1
w 16 2,5 1 0,1
w 17 2,5 1 0,1
w 16,75 1,5 0,5 0,05
w 16,75 0,5 0,5 0,05
w 17,25 1,5 0,5 0,05
w 17,25 0,5 0,5 0,05
w 17 -0,5 1 0,1
w 18,5 0 0,1 1
w 18 -0,5 1 0,1
w 18,5 1 0,1 1
w 17,75 1,5 0,5 0,05
w 17,75 0,5 0,5 0,05
w 18,25 1,5 0,5 0,05
w 18,25 0,5 0,5 0,05
w 18,5 2 0,1 1
w 18 2,5 1 0,1
b 17
w 15,5 32 0,1 1
w 16 31,5 1 0,1
w 15,5 33 0,1 1
w 15,75 33,5 0,5 0,05
w 15,75 32,5 0,5 0,05
w 16,25 33,5 0,5 0,05
w 16,25 32,5 0,5 0,05
w 15,5 34 0,1 1
w 16 34,5 1 0,1
w 17 34,5 1 0,1
w 16,75 33,5 0,5 0,05
w 16,75 32,5 0,5 0,05
w 17,25 33,5 0,5 0,05
w 17,25 32,5 0,5 0,05
w 17 31,5 1 0,1
w 18,5 32 0,1 1
w 18 31,5 1 0,1
w 18,5 33 0,1 1
w 17,75 33,5 0,5 0,05
w 17,75 32,5 0,5 0,05
w 18,25 33,5 0,5 0,05
w 18,25 32,5 0,5 0,05
w 18,5 34 0,1 1
w 18 34,5 1 0,1
b 18
w 15,5 40 0,1 1
w 16 39,5 1 0,1
w 15,5 41 0,1 1
w 15,75 41,5 0,5 0,05
w 15,75 40,5 0,5 0,05
w 16,25 41,5 0,5 0,05
w 16,25 40,5 0,5 0,05
w 15,5 42 0,1 1
w 16 42,5 1 0,1
w 17 42,5 1 0,1
w 16,75 41,5 0,5 0,05
w 16,75 40,5 0,5 0,05
w 17,25 41,5 0,5 0,05
w 17,25 40,5 0,5 0,05
w 17 39,5 1 0,1
w 18,5 40 0,1 1
w 18 39,5 1 0,1
w 18,5 41 0,1 1
w 17,75 41,5 0,5 0,05
w 17,75 40,5 0,5 0,05
w 18,25 41,5 0,5 0,05
w 18,25 40,5 0,5 0,05
w 18,5 42 0,1 1
w 18 42,5 1 0,1
b 19
w 23,5 0 0,1 1
w 24 -0,5 1 0,1
w 23,5 1 0,1 1
w 23,75 1,5 0,5 0,05
w 23,75 0,5 0,5 0,05
w 24,25 1,5 0,5 0,05
w 24,25 0,5 0,5 0,05
w 23,5 2 0,1 1
w 24 2,5 1 0,1
w 25 2,5 1 0,1
w 24,75 1,5 0,5 0,05
w 24,75 0,5 0,5 0,05
w 25,25 1,5 0,5 0,05
w 25,25 0,5 0,5 0,05
w 25 -0,5 1 0,1
w 26,5 0 0,1 1
w 26 -0,5 1 0,1
w 26,5 1 0,1 1
w 25,75 1,5 0,5 0,05
w 25,75 0,5 0,5 0,05
w 26,25 1,5 0,5 0,05
w 26,25 0,5 0,5 0,05
w 26,5 2 0,1 1
w 26 2,5 1 0,1
b 20
w 43,5 8 0,1 1
w 44 7,5 1 0,1
w 43,5 9 0,1 1
w 43,75 9,5 0,5 0,05
w 43,75 8,5 0,5 0,05
w 44,25 9,5 0,5 0,05
w 44,25 8,5 0,5 0,05
w 43,5 10 0,1 1
w 44 10,5 1 0,1
w 45 10,5 1 0,1
w 44,75 9,5 0,5 0,05
w 44,75 8,5 0,5 0,05
w 45,25 9,5 0,5 0,05
w 45,25 8,5 0,5 0,05
w 45 7,5 1 0,1
w 46 7,5 1 0,1
w 45,75 9,5 0,5 0,05
w 45,75 8,5 0,5 0,05
w 46,25 9,5 0,5 0,05
w 46,25 8,5 0,5 0,05
w 46 10,5 1 0,1
w 47 10,5 1 0,1
w 47,5 10,25 0,05 0,5
w 47,5 9,75 0,05 0,5
w 46,75 9,5 0,5 0,05
w 46,75 8,5 0,5 0,05
w 47,25 9,5 0,5 0,05
w 47,25 8,5 0,5 0,05
w 47 7,5 1 0,1
w 47,5 8,25 0,05 0,5
w 47,5 7,75 0,05 0,5
w 48 7,5 1 0,1
w 47,75 9,5 0,5 0,05
w 47,75 8,5 0,5 0,05
w 48,25 9,5 0,5 0,05
w 48,25 8,5 0,5 0,05
w 48 10,5 1 0,1
w 49,5 10 0,1 1
w 49 10,5 1 0,1
w 49,5 9 0,1 1
w 48,75 9,5 0,5 0,05
w 48,75 8,5 0,5 0,05
w 49,25 9,5 0,5 0,05
w 49,25 8,5 0,5 0,05
w 49,5 8 0,1 1
w 49 7,5 1 0,1
b 21
w 19,5 20 0,1 1
w 20 19,5 1 0,1
w 19,5 21 0,1 1
w 19,75 21,5 0,5 0,05
w 19,75 20,5 0,5 0,05
w 20,25 21,5 0,5 0,05
w 20,25 20,5 0,5 0,05
w 19,5 22 0,1 1
w 20 22,5 1 0,1
w 21 22,5 1 0,1
w 20,75 21,5 0,5 0,05
w 20,75 20,5 0,5 0,05
w 21,25 21,5 0,5 0,05
w 21,25 20,5 0,5 0,05
w 21 19,5 1 0,1
w 22,5 20 0,1 1
w 22 19,5 1 0,1
w 22,5 21 0,1 1
w 21,75 21,5 0,5 0,05
w 21,75 20,5 0,5 0,05
w 22,25 21,5 0,5 0,05
w 22,25 20,5 0,5 0,05
w 22,5 22 0,1 1
w 22 22,5 1 0,1
b 22
w 23,5 40 0,1 1
w 24 39,5 1 0,1
w 23,5 41 0,1 1
w 23,75 41,5 0,5 0,05
w 23,75 40,5 0,5 0,05
w 24,25 41,5 0,5 0,05
w 24,25 40,5 0,5 0,05
w 23,5 42 0,1 1
w 24 42,5 1 0,1
w 25 42,5 1 0,1
w 24,75 41,5 0,5 0,05
w 24,75 40,5 0,5 0,05
w 25,25 41,5 0,5 0,05
w 25,25 40,5 0,5 0,05
w 25 39,5 1 0,1
w 26,5 40 0,1 1
w 26 39,5 1 0,1
w 26,5 41 0,1 1
w 25,75 41,5 0,5 0,05
w 25,75 40,5 0,5 0,05
w 26,25 41,5 0,5 0,05
w 26,25 40,5 0,5 0,05
w 26,5 42 0,1 1
w 26 42,5 1 0,1
b 23
w 27,5 0 0,1 1
w 28 -0,5 1 0,1
w 27,5 1 0,1 1
w 27,75 1,5 0,5 0,05
w 27,75 0,5 0,5 0,05
w 28,25 1,5 0,5 0,05
w 28,25 0,5 0,5 0,05
w 27,5 2 0,1 1
w 28 2,5 1 0,1
w 29 2,5 1 0,1
w 28,75 1,5 0,5 0,05
w 28,75 0,5 0,5 0,05
w 29,25 1,5 0,5 0,05
w 29,25 0,5 0,5 0,05
w 29 -0,5 1 0,1
w 30,5 0 0,1 1
w 30 -0,5 1 0,1
w 30,5 1 0,1 1
w 29,75 1,5 0,5 0,05
w 29,75 0,5 0,5 0,05
w 30,25 1,5 0,5 0,05
w 30,25 0,5 0,5 0,05
w 30,5 2 0,1 1
w 30 2,5 1 0,1
b 24
w 31,5 40 0,1 1
w 32 39,5 1 0,1
w 31,5 41 0,1 1
w 31,75 41,5 0,5 0,05
w 31,75 40,5 0,5 0,05
w 32,25 41,5 0,5 0,05
w 32,25 40,5 0,5 0,05
w 31,5 42 0,1 1
w 32 42,5 1 0,1
w 33 42,5 1 0,1
w 32,75 41,5 0,5 0,05
w 32,75 40,5 0,5 0,05
w 33,25 41,5 0,5 0,05
w 33,25 40,5 0,5 0,05
w 33 39,5 1 0,1
w 34,5 40 0,1 1
w 34 39,5 1 0,1
w 34,5 41 0,1 1
w 33,75 41,5 0,5 0,05
w 33,75 40,5 0,5 0,05
w 34,25 41,5 0,5 0,05
w 34,25 40,5 0,5 0,05
w 34,5 42 0,1 1
w 34 42,5 1 0,1
b 25
w 35,5 4 0,1 1
w 36 3,5 1 0,1
w 35,5 5 0,1 1
w 35,75 5,5 0,5 0,05
w 35,75 4,5 0,5 0,05
w 36,25 5,5 0,5 0,05
w 36,25 4,5 0,5 0,05
w 35,5 6 0,1 1
w 36 6,5 1 0,1
w 37 6,5 1 0,1
w 36,75 5,5 0,5 0,05
w 36,75 4,5 0,5 0,05
w 37,25 5,5 0,5 0,05
w 37,25 4,5 0,5 0,05
w 37 3,5 1 0,1
w 38,5 4 0,1 1
w 38 3,5 1 0,1
w 38,5 5 0,1 1
w 37,75 5,5 0,5 0,05
w 37,75 4,5 0,5 0,05
w 38,25 5,5 0,5 0,05
w 38,25 4,5 0,5 0,05
w 38,5 6 0,1 1
w 38 6,5 1 0,1
b 26
w 31,5 44 0,1 1
w 32 43,5 1 0,1
w 31,5 45 0,1 1
w 31,5 46 0,1 1
w 31,75 46,5 0,5 0,05
w 32,25 46,5 0,5 0,05
w 31,5 47 0,1 1
w 31,5 48 0,1 1
w 31,5 49 0,1 1
w 32 49,5 1 0,1
w 33 49,5 1 0,1
w 32,5 49,25 0,05 0,5
w 32,5 48,75 0,05 0,5
w 33,5 49,25 0,05 0,5
w 33,5 48,75 0,05 0,5
w 32,5 48,25 0,05 0,5
w 32,5 47,75 0,05 0,5
w 33,5 48,25 0,05 0,5
w 33,5 47,75 0,05 0,5
w 32,5 47,25 0,05 0,5
w 32,5 46,75 0,05 0,5
w 33,5 47,25 0,05 0,5
w 33,5 46,75 0,05 0,5
w 32,5 46,25 0,05 0,5
w 32,5 45,75 0,05 0,5
w 33,5 46,25 0,05 0,5
w 33,5 45,75 0,05 0,5
w 32,5 45,25 0,05 0,5
w 32,5 44,75 0,05 0,5
w 33,5 45,25 0,05 0,5
w 33,5 44,75 0,05 0,5
w 33 43,5 1 0,1
w 32,5 44,25 0,05 0,5
w 32,5 43,75 0,05 0,5
w 33,5 44,25 0,05 0,5
w 33,5 43,75 0,05 0,5
w 34,5 44 0,1 1
w 34 43,5 1 0,1
w 34,5 45 0,1 1
w 34,5 46 0,1 1
w 33,75 46,5 0,5 0,05
w 34,25 46,5 0,5 0,05
w 34,5 47 0,1 1
w 34,5 48 0,1 1
w 34,5 49 0,1 1
w 34 49,5 1 0,1
b 27
w 35,5 20 0,1 1
w 36 19,5 1 0,1
w 35,5 21 0,1 1
w 35,75 21,5 0,5 0,05
w 35,75 20,5 0,5 0,05
w 36,25 21,5 0,5 0,05
w 36,25 20,5 0,5 0,05
w 35,5 22 0,1 1
w 36 22,5 1 0,1
w 37 22,5 1 0,1
w 36,75 21,5 0,5 0,05
w 36,75 20,5 0,5 0,05
w 37,25 21,5 0,5 0,05
w 37,25 20,5 0,5 0,05
w 37 19,5 1 0,1
w 38,5 20 0,1 1
w 38 19,5 1 0,1
w 38,5 21 0,1 1
w 37,75 21,5 0,5 0,05
w 37,75 20,5 0,5 0,05
w 38,25 21,5 0,5 0,05
w 38,25 20,5 0,5 0,05
w 38,5 22 0,1 1
w 38 22,5 1 0,1
b 28
w 35,5 28 0,1 1
w 36 27,5 1 0,1
w 35,5 29 0,1 1
w 35,75 29,5 0,5 0,05
w 35,75 28,5 0,5 0,05
w 36,25 29,5 0,5 0,05
w 36,25 28,5 0,5 0,05
w 35,5 30 0,1 1
w 36 30,5 1 0,1
w 37 30,5 1 0,1
w 36,75 29,5 0,5 0,05
w 36,75 28,5 0,5 0,05
w 37,25 29,5 0,5 0,05
w 37,25 28,5 0,5 0,05
w 37 27,5 1 0,1
w 38,5 28 0,1 1
w 38 27,5 1 0,1
w 38,5 29 0,1 1
w 37,75 29,5 0,5 0,05
w 37,75 28,5 0,5 0,05
w 38,25 29,5 0,5 0,05
w 38,25 28,5 0,5 0,05
w 38,5 30 0,1 1
w 38 30,5 1 0,1
b 29
w 35,5 46 0,1 1
w 36 45,5 1 0,1
w 35,5 47 0,1 1
w 35,5 48 0,1 1
w 35,5 49 0,1 1
w 36 49,5 1 0,1
w 37 49,5 1 0,1
w 36,5 49,25 0,05 0,5
w 36,5 48,75 0,05 0,5
w 37,5 49,25 0,05 0,5
w 37,5 48,75 0,05 0,5
w 36,5 48,25 0,05 0,5
w 36,5 47,75 0,05 0,5
w 37,5 48,25 0,05 0,5
w 37,5 47,75 0,05 0,5
w 36,5 47,25 0,05 0,5
w 36,5 46,75 0,05 0,5
w 37,5 47,25 0,05 0,5
w 37,5 46,75 0,05 0,5
w 37 45,5 1 0,1
w 36,5 46,25 0,05 0,5
w 36,5 45,75 0,05 0,5
w 37,5 46,25 0,05 0,5
w 37,5 45,75 0,05 0,5
w 38,5 46 0,1 1
w 38 45,5 1 0,1
w 38,5 47 0,1 1
w 38,5 48 0,1 1
w 38,5 49 0,1 1
w 38 49,5 1 0,1
b 30
w 39,5 0 0,1 1
w 40 -0,5 1 0,1
w 39,5 1 0,1 1
w 39,75 1,5 0,5 0,05
w 39,75 0,5 0,5 0,05
w 40,25 1,5 0,5 0,05
w 40,25 0,5 0,5 0,05
w 39,5 2 0,1 1
w 40 2,5 1 0,1
w 41 2,5 1 0,1
w 40,75 1,5 0,5 0,05
w 40,75 0,5 0,5 0,05
w 41,25 1,5 0,5 0,05
w 41,25 0,5 0,5 0,05
w 41 -0,5 1 0,1
w 42,5 0 0,1 1
w 42 -0,5 1 0,1
w 42,5 1 0,1 1
w 41,75 1,5 0,5 0,05
w 41,75 0,5 0,5 0,05
w 42,25 1,5 0,5 0,05
w 42,25 0,5 0,5 0,05
w 42,5 2 0,1 1
w 42 2,5 1 0,1
b 31
w 39,5 44 0,1 1
w 40 43,5 1 0,1
w 39,5 45 0,1 1
w 39,5 46 0,1 1
w 39,5 47 0,1 1
w 39,5 48 0,1 1
w 39,5 49 0,1 1
w 40 49,5 1 0,1
w 41 49,5 1 0,1
w 40,5 49,25 0,05 0,5
w 40,5 48,75 0,05 0,5
w 41,5 49,25 0,05 0,5
w 41,5 48,75 0,05 0,5
w 40,5 48,25 0,05 0,5
w 40,5 47,75 0,05 0,5
w 41,5 48,25 0,05 0,5
w 41,5 47,75 0,05 0,5
w 40,5 47,25 0,05 0,5
w 40,5 46,75 0,05 0,5
w 41,5 47,25 0,05 0,5
w 41,5 46,75 0,05 0,5
w 40,5 46,25 0,05 0,5
w 40,5 45,75 0,05 0,5
w 41,5 46,25 0,05 0,5
w 41,5 45,75 0,05 0,5
w 40,5 45,25 0,05 0,5
w 40,5 44,75 0,05 0,5
w 41,5 45,25 0,05 0,5
w 41,5 44,75 0,05 0,5
w 41 43,5 1 0,1
w 40,5 44,25 0,05 0,5
w 40,5 43,75 0,05 0,5
w 41,5 44,25 0,05 0,5
w 41,5 43,75 0,05 0,5
w 42,5 44 0,1 1
w 42 43,5 1 0,1
w 42,5 45 0,1 1
w 42,5 46 0,1 1
w 42,5 47 0,1 1
w 42,5 48 0,1 1
w 42,5 49 0,1 1
w 42 49,5 1 0,1
b 32
w 43,5 4 0,1 1
w 44 3,5 1 0,1
w 43,5 5 0,1 1
w 43,75 5,5 0,5 0,05
w 43,75 4,5 0,5 0,05
w 44,25 5,5 0,5 0,05
w 44,25 4,5 0,5 0,05
w 43,5 6 0,1 1
w 44 6,5 1 0,1
w 45 6,5 1 0,1
w 44,75 5,5 0,5 0,05
w 44,75 4,5 0,5 0,05
w 45,25 5,5 0,5 0,05
w 45,25 4,5 0,5 0,05
w 45 3,5 1 0,1
w 46 3,5 1 0,1
w 45,75 5,5 0,5 0,05
w 45,75 4,5 0,5 0,05
w 46,25 5,5 0,5 0,05
w 46,25 4,5 0,5 0,05
w 46 6,5 1 0,1
w 47 6,5 1 0,1
w 46,75 5,5 0,5 0,05
w 46,75 4,5 0,5 0,05
w 47,25 5,5 0,5 0,05
w 47,25 4,5 0,5 0,05
w 47 3,5 1 0,1
w 48 3,5 1 0,1
w 47,75 5,5 0,5 0,05
w 47,75 4,5 0,5 0,05
w 48,25 5,5 0,5 0,05
w 48,25 4,5 0,5 0,05
w 48 6,5 1 0,1
w 49,5 6 0,1 1
w 49 6,5 1 0,1
w 49,5 5 0,1 1
w 48,75 5,5 0,5 0,05
w 48,75 4,5 0,5 0,05
w 49,25 5,5 0,5 0,05
w 49,25 4,5 0,5 0,05
w 49,5 4 0,1 1
w 49 3,5 1 0,1
b 33
w 43,5 16 0,1 1
w 44 15,5 1 0,1
w 43,5 17 0,1 1
w 43,75 17,5 0,5 0,05
w 43,75 16,5 0,5 0,05
w 44,25 17,5 0,5 0,05
w 44,25 16,5 0,5 0,05
w 43,5 18 0,1 1
w 44 18,5 1 0,1
w 45 18,5 1 0,1
w 44,75 17,5 0,5 0,05
w 44,75 16,5 0,5 0,05
w 45,25 17,5 0,5 0,05
w 45,25 16,5 0,5 0,05
w 45 15,5 1 0,1
w 46 15,5 1 0,1
w 45,75 17,5 0,5 0,05
w 45,75 16,5 0,5 0,05
w 46,25 17,5 0,5 0,05
w 46,25 16,5 0,5 0,05
w 46 18,5 1 0,1
w 47 18,5 1 0,1
w 46,75 17,5 0,5 0,05
w 46,75 16,5 0,5 0,05
w 47,25 17,5 0,5 0,05
w 47,25 16,5 0,5 0,05
w 47 15,5 1 0,1
w 48 15,5 1 0,1
w 47,75 17,5 0,5 0,05
w 47,75 16,5 0,5 0,05
w 48,25 17,5 0,5 0,05
w 48,25 16,5 0,5 0,05
w 48 18,5 1 0,1
w 49,5 18 0,1 1
w 49 18,5 1 0,1
w 49,5 17 0,1 1
w 48,75 17,5 0,5 0,05
w 48,75 16,5 0,5 0,05
w 49,25 17,5 0,5 0,05
w 49,25 16,5 0,5 0,05
w 49,5 16 0,1 1
w 49 15,5 1 0,1
b 34
w 43,5 28 0,1 1
w 44 27,5 1 0,1
w 43,5 29 0,1 1
w 43,75 29,5 0,5 0,05
w 43,75 28,5 0,5 0,05
w 44,25 29,5 0,5 0,05
w 44,25 28,5 0,5 0,05
w 43,5 30 0,1 1
w 44 30,5 1 0,1
w 45 30,5 1 0,1
w 45,5 30,25 0,05 0,5
w 45,5 29,75 0,05 0,5
w 44,75 29,5 0,5 0,05
w 44,75 28,5 0,5 0,05
w 45,25 29,5 0,5 0,05
w 45,25 28,5 0,5 0,05
w 45 27,5 1 0,1
w 45,5 28,25 0,05 0,5
w 45,5 27,75 0,05 0,5
w 46 27,5 1 0,1
w 45,75 29,5 0,5 0,05
w 45,75 28,5 0,5 0,05
w 46,25 29,5 0,5 0,05
w 46,25 28,5 0,5 0,05
w 46 30,5 1 0,1
w 47 30,5 1 0,1
w 46,75 29,5 0,5 0,05
w 46,75 28,5 0,5 0,05
w 47,25 29,5 0,5 0,05
w 47,25 28,5 0,5 0,05
w 47 27,5 1 0,1
w 48 27,5 1 0,1
w 47,75 29,5 0,5 0,05
w 47,75 28,5 0,5 0,05
w 48,25 29,5 0,5 0,05
w 48,25 28,5 0,5 0,05
w 48 30,5 1 0,1
w 49,5 30 0,1 1
w 49 30,5 1 0,1
w 49,5 29 0,1 1
w 48,75 29,5 0,5 0,05
w 48,75 28,5 0,5 0,05
w 49,25 29,5 0,5 0,05
w 49,25 28,5 0,5 0,05
w 49,5 28 0,1 1
w 49 27,5 1 0,1
b 35
w 43,5 36 0,1 1
w 44 35,5 1 0,1
w 43,5 37 0,1 1
w 43,75 37,5 0,5 0,05
w 43,75 36,5 0,5 0,05
w 44,25 37,5 0,5 0,05
w 44,25 36,5 0,5 0,05
w 43,5 38 0,1 1
w 44 38,5 1 0,1
w 45 38,5 1 0,1
w 44,75 37,5 0,5 0,05
w 44,75 36,5 0,5 0,05
w 45,25 37,5 0,5 0,05
w 45,25 36,5 0,5 0,05
w 45 35,5 1 0,1
w 46 35,5 1 0,1
w 45,75 37,5 0,5 0,05
w 45,75 36,5 0,5 0,05
w 46,25 37,5 0,5 0,05
w 46,25 36,5 0,5 0,05
w 46 38,5 1 0,1
w 47 38,5 1 0,1
w 46,75 37,5 0,5 0,05
w 46,75 36,5 0,5 0,05
w 47,25 37,5 0,5 0,05
w 47,25 36,5 0,5 0,05
w 47 35,5 1 0,1
w 48 35,5 1 0,1
w 47,75 37,5 0,5 0,05
w 47,75 36,5 0,5 0,05
w 48,25 37,5 0,5 0,05
w 48,25 36,5 0,5 0,05
w 48 38,5 1 0,1
w 49,5 38 0,1 1
w 49 38,5 1 0,1
w 49,5 37 0,1 1
w 48,75 37,5 0,5 0,05
w 48,75 36,5 0,5 0,05
w 49,25 37,5 0,5 0,05
w 49,25 36,5 0,5 0,05
w 49,5 36 0,1 1
w 49 35,5 1 0,1
b 36
w 43,5 40 0,1 1
w 44 39,5 1 0,1
w 43,5 41 0,1 1
w 43,75 41,5 0,5 0,05
w 43,75 40,5 0,5 0,05
w 44,25 41,5 0,5 0,05
w 44,25 40,5 0,5 0,05
w 43,5 42 0,1 1
w 44 42,5 1 0,1
w 45 42,5 1 0,1
w 44,75 41,5 0,5 0,05
w 44,75 40,5 0,5 0,05
w 45,25 41,5 0,5 0,05
w 45,25 40,5 0,5 0,05
w 45 39,5 1 0,1
w 46 39,5 1 0,1
w 45,75 41,5 0,5 0,05
w 45,75 40,5 0,5 0,05
w 46,25 41,5 0,5 0,05
w 46,25 40,5 0,5 0,05
w 46 42,5 1 0,1
w 47 42,5 1 0,1
w 46,75 41,5 0,5 0,05
w 46,75 40,5 0,5 0,05
w 47,25 41,5 0,5 0,05
w 47,25 40,5 0,5 0,05
w 47 39,5 1 0,1
w 48 39,5 1 0,1
w 47,75 41,5 0,5 0,05
w 47,75 40,5 0,5 0,05
w 48,25 41,5 0,5 0,05
w 48,25 40,5 0,5 0,05
w 48 42,5 1 0,1
w 49,5 42 0,1 1
w 49 42,5 1 0,1
w 49,5 41 0,1 1
w 48,75 41,5 0,5 0,05
w 48,75 40,5 0,5 0,05
w 49,25 41,5 0,5 0,05
w 49,25 40,5 0,5 0,05
w 49,5 40 0,1 1
w 49 39,5 1 0,1
b 37
w 43,5 44 0,1 1
w 44 43,5 1 0,1
w 43,5 45 0,1 1
w 43,5 46 0,1 1
w 43,75 46,5 0,5 0,05
w 43,75 45,5 0,5 0,05
w 44,25 46,5 0,5 0,05
w 44,25 45,5 0,5 0,05
w 43,5 47 0,1 1
w 43,5 48 0,1 1
w 43,5 49 0,1 1
w 44 49,5 1 0,1
w 45 49,5 1 0,1
w 44,75 46,5 0,5 0,05
w 44,75 45,5 0,5 0,05
w 45,25 46,5 0,5 0,05
w 45,25 45,5 0,5 0,05
w 45 43,5 1 0,1
w 46 43,5 1 0,1
w 45,75 46,5 0,5 0,05
w 45,75 45,5 0,5 0,05
w 46,25 46,5 0,5 0,05
w 46,25 45,5 0,5 0,05
w 46 49,5 1 0,1
w 47 49,5 1 0,1
w 46,75 46,5 0,5 0,05
w 46,75 45,5 0,5 0,05
w 47,25 46,5 0,5 0,05
w 47,25 45,5 0,5 0,05
w 47 43,5 1 0,1
w 48 43,5 1 0,1
w 47,75 46,5 0,5 0,05
w 47,75 45,5 0,5 0,05
w 48,25 46,5 0,5 0,05
w 48,25 45,5 0,5 0,05
w 48 49,5 1 0,1
w 49,5 49 0,1 1
w 49 49,5 1 0,1
w 49,5 48 0,1 1
w 49,5 47 0,1 1
w 49,5 46 0,1 1
w 48,75 46,5 0,5 0,05
w 48,75 45,5 0,5 0,05
w 49,25 46,5 0,5 0,05
w 49,25 45,5 0,5 0,05
w 49,5 45 0,1 1
w 49,5 44 0,1 1
w 49 43,5 1 0,1
b 38
w 3,5 8 0,1 1
w 4 7,5 1 0,1
w 3,5 8,25 0,05 0,5
w 3,5 7,75 0,05 0,5
w 4,5 8,25 0,05 0,5
w 4,5 7,75 0,05 0,5
w 3,5 9 0,1 1
w 3,5 9,25 0,05 0,5
w 3,5 8,75 0,05 0,5
w 4,5 9,25 0,05 0,5
w 4,5 8,75 0,05 0,5
w 3,5 10 0,1 1
w 4 10,5 1 0,1
w 3,5 10,25 0,05 0,5
w 3,5 9,75 0,05 0,5
w 4,5 10,25 0,05 0,5
w 4,5 9,75 0,05 0,5
w 5,5 10 0,1 1
w 5 10,5 1 0,1
w 5,5 9 0,1 1
w 5,5 8 0,1 1
w 5 7,5 1 0,1
b 39
w -0,5 12 0,1 1
w 0 11,5 1 0,1
w -0,5 13 0,1 1
w -0,25 13,5 0,5 0,05
w -0,25 12,5 0,5 0,05
w 0,25 13,5 0,5 0,05
w 0,25 12,5 0,5 0,05
w -0,5 14 0,1 1
w 0 14,5 1 0,1
w 1 14,5 1 0,1
w 0,75 13,5 0,5 0,05
w 0,75 12,5 0,5 0,05
w 1,25 13,5 0,5 0,05
w 1,25 12,5 0,5 0,05
w 1 11,5 1 0,1
w 2 11,5 1 0,1
w 1,75 13,5 0,5 0,05
w 1,75 12,5 0,5 0,05
w 2,25 13,5 0,5 0,05
w 2,25 12,5 0,5 0,05
w 2 14,5 1 0,1
w 3,5 14 0,1 1
w 3 14,5 1 0,1
w 3,5 13 0,1 1
w 2,75 13,5 0,5 0,05
w 2,75 12,5 0,5 0,05
w 3,25 13,5 0,5 0,05
w 3,25 12,5 0,5 0,05
w 3,5 12 0,1 1
w 3 11,5 1 0,1
b 40
w -0,5 16 0,1 1
w 0 15,5 1 0,1
w -0,5 17 0,1 1
w -0,25 17,5 0,5 0,05
w -0,25 16,5 0,5 0,05
w 0,25 17,5 0,5 0,05
w 0,25 16,5 0,5 0,05
w -0,5 18 0,1 1
w 0 18,5 1 0,1
w 1 18,5 1 0,1
w 0,75 17,5 0,5 0,05
w 0,75 16,5 0,5 0,05
w 1,25 17,5 0,5 0,05
w 1,25 16,5 0,5 0,05
w 1 15,5 1 0,1
w 2 15,5 1 0,1
w 1,75 17,5 0,5 0,05
w 1,75 16,5 0,5 0,05
w 2,25 17,5 0,5 0,05
w 2,25 16,5 0,5 0,05
w 2 18,5 1 0,1
w 3,5 18 0,1 1
w 3 18,5 1 0,1
w 3,5 17 0,1 1
w 2,75 17,5 0,5 0,05
w 2,75 16,5 0,5 0,05
w 3,25 17,5 0,5 0,05
w 3,25 16,5 0,5 0,05
w 3,5 16 0,1 1
w 3 15,5 1 0,1
b 41
w -0,5 20 0,1 1
w 0 19,5 1 0,1
w -0,5 21 0,1 1
w -0,25 21,5 0,5 0,05
w -0,25 20,5 0,5 0,05
w 0,25 21,5 0,5 0,05
w 0,25 20,5 0,5 0,05
w -0,5 22 0,1 1
w 0 22,5 1 0,1
w 1 22,5 1 0,1
w 0,75 21,5 0,5 0,05
w 0,75 20,5 0,5 0,05
w 1,25 21,5 0,5 0,05
w 1,25 20,5 0,5 0,05
w 1 19,5 1 0,1
w 2 19,5 1 0,1
w 1,75 21,5 0,5 0,05
w 1,75 20,5 0,5 0,05
w 2,25 21,5 0,5 0,05
w 2,25 20,5 0,5 0,05
w 2 22,5 1 0,1
w 3,5 22 0,1 1
w 3 22,5 1 0,1
w 3,5 21 0,1 1
w 2,75 21,5 0,5 0,05
w 2,75 20,5 0,5 0,05
w 3,25 21,5 0,5 0,05
w 3,25 20,5 0,5 0,05
w 3,5 20 0,1 1
w 3 19,5 1 0,1
b 42
w 12,5 42 0,1 1
w 13 42,5 1 0,1
w 12,5 42,25 0,05 0,5
w 12,5 41,75 0,05 0,5
w 13,5 42,25 0,05 0,5
w 13,5 41,75 0,05 0,5
w 12,5 41 0,1 1
w 12,5 41,25 0,05 0,5
w 12,5 40,75 0,05 0,5
w 13,5 41,25 0,05 0,5
w 13,5 40,75 0,05 0,5
w 12,5 40 0,1 1
w 12,5 40,25 0,05 0,5
w 12,5 39,75 0,05 0,5
w 13,5 40,25 0,05 0,5
w 13,5 39,75 0,05 0,5
w 12,5 39 0,1 1
w 12,5 39,25 0,05 0,5
w 12,5 38,75 0,05 0,5
w 13,5 39,25 0,05 0,5
w 13,5 38,75 0,05 0,5
w 12,5 38 0,1 1
w 12,5 38,25 0,05 0,5
w 12,5 37,75 0,05 0,5
w 13,5 38,25 0,05 0,5
w 13,5 37,75 0,05 0,5
w 12,5 37 0,1 1
w 13 36,5 1 0,1
w 12,5 37,25 0,05 0,5
w 12,5 36,75 0,05 0,5
w 13,5 37,25 0,05 0,5
w 13,5 36,75 0,05 0,5
w 14,5 37 0,1 1
w 14 36,5 1 0,1
w 14,5 38 0,1 1
w 13,75 38,5 0,5 0,05
w 14,25 38,5 0,5 0,05
w 14,5 39 0,1 1
w 14,5 40 0,1 1
w 14,5 41 0,1 1
w 14,5 42 0,1 1
w 14 42,5 1 0,1
b 43
w -0,5 32 0,1 1
w 0 31,5 1 0,1
w -0,5 33 0,1 1
w -0,5 34 0,1 1
w -0,5 35 0,1 1
w 0 35,5 1 0,1
w 1 35,5 1 0,1
w 0,5 35,25 0,05 0,5
w 0,5 34,75 0,05 0,5
w 1,5 35,25 0,05 0,5
w 1,5 34,75 0,05 0,5
w 0,5 34,25 0,05 0,5
w 0,5 33,75 0,05 0,5
w 1,5 34,25 0,05 0,5
w 1,5 33,75 0,05 0,5
w 0,5 33,25 0,05 0,5
w 0,5 32,75 0,05 0,5
w 1,5 33,25 0,05 0,5
w 1,5 32,75 0,05 0,5
w 1 31,5 1 0,1
w 0,5 32,25 0,05 0,5
w 0,5 31,75 0,05 0,5
w 1,5 32,25 0,05 0,5
w 1,5 31,75 0,05 0,5
w 2,5 32 0,1 1
w 2 31,5 1 0,1
w 2,5 33 0,1 1
w 2,5 34 0,1 1
w 2,5 35 0,1 1
w 2 35,5 1 0,1
b 44
w 3,5 0 0,1 1
w 4 -0,5 1 0,1
w 3,5 1 0,1 1
w 3,75 1,5 0,5 0,05
w 3,75 0,5 0,5 0,05
w 4,25 1,5 0,5 0,05
w 4,25 0,5 0,5 0,05
w 3,5 2 0,1 1
w 4 2,5 1 0,1
w 5 2,5 1 0,1
w 4,75 1,5 0,5 0,05
w 4,75 0,5 0,5 0,05
w 5,25 1,5 0,5 0,05
w 5,25 0,5 0,5 0,05
w 5 -0,5 1 0,1
w 6 -0,5 1 0,1
w 5,75 1,5 0,5 0,05
w 5,75 0,5 0,5 0,05
w 6,25 1,5 0,5 0,05
w 6,25 0,5 0,5 0,05
w 6 2,5 1 0,1
w 7,5 2 0,1 1
w 7 2,5 1 0,1
w 7,5 1 0,1 1
w 6,75 1,5 0,5 0,05
w 6,75 0,5 0,5 0,05
w 7,25 1,5 0,5 0,05
w 7,25 0,5 0,5 0,05
w 7,5 0 0,1 1
w 7 -0,5 1 0,1
b 45
w 12,5 11 0,1 1
w 11,5 11 0,1 1
w 11,5 11,25 0,05 0,5
w 11,5 10,75 0,05 0,5
w 12,5 11,25 0,05 0,5
w 12,5 10,75 0,05 0,5
w 12,5 10 0,1 1
w 11,5 10 0,1 1
w 11,5 10,25 0,05 0,5
w 11,5 9,75 0,05 0,5
w 12,5 10,25 0,05 0,5
w 12,5 9,75 0,05 0,5
w 12,5 9 0,1 1
w 11,5 9 0,1 1
w 12 8,5 1 0,1
w 11,5 9,25 0,05 0,5
w 11,5 8,75 0,05 0,5
w 12,5 9,25 0,05 0,5
w 12,5 8,75 0,05 0,5
w 12,5 12 0,1 1
w 11,5 12 0,1 1
w 11,5 12,25 0,05 0,5
w 11,5 11,75 0,05 0,5
w 12,5 12,25 0,05 0,5
w 12,5 11,75 0,05 0,5
w 12,5 13 0,1 1
w 11,5 13 0,1 1
w 11,5 13,25 0,05 0,5
w 11,5 12,75 0,05 0,5
w 12,5 13,25 0,05 0,5
w 12,5 12,75 0,05 0,5
w 12,5 14 0,1 1
w 11,5 14 0,1 1
w 12 14,5 1 0,1
w 11,5 14,25 0,05 0,5
w 11,5 13,75 0,05 0,5
w 12,5 14,25 0,05 0,5
w 12,5 13,75 0,05 0,5
b 46
w 12,5 14 0,1 1
w 13 14,5 1 0,1
w 13 13,5 1 0,1
w 14 14,5 1 0,1
w 14 13,5 1 0,1
w 15 14,5 1 0,1
w 15 13,5 1 0,1
w 16,5 14 0,1 1
w 16 13,5 1 0,1
w 15,5 14,25 0,05 0,5
w 15,5 13,75 0,05 0,5
w 16,5 14,25 0,05 0,5
w 16,5 13,75 0,05 0,5
w 16,5 15 0,1 1
w 15,5 15 0,1 1
w 15,5 15,25 0,05 0,5
w 15,5 14,75 0,05 0,5
w 16,5 15,25 0,05 0,5
w 16,5 14,75 0,05 0,5
w 16,5 16 0,1 1
w 15,5 16 0,1 1
w 15,5 16,25 0,05 0,5
w 15,5 15,75 0,05 0,5
w 16,5 16,25 0,05 0,5
w 16,5 15,75 0,05 0,5
w 16,5 17 0,1 1
w 15,5 17 0,1 1
w 15,5 17,25 0,05 0,5
w 15,5 16,75 0,05 0,5
w 16,5 17,25 0,05 0,5
w 16,5 16,75 0,05 0,5
w 16,5 18 0,1 1
w 15,5 18 0,1 1
w 16 18,5 1 0,1
w 15,5 18,25 0,05 0,5
w 15,5 17,75 0,05 0,5
w 16,5 18,25 0,05 0,5
w 16,5 17,75 0,05 0,5
b 47
w 16,5 14 0,1 1
w 17 14,5 1 0,1
w 16,5 13 0,1 1
w 16,5 12 0,1 1
w 16,5 11 0,1 1
w 16,75 11,5 0,5 0,05
w 16,75 10,5 0,5 0,05
w 17,25 11,5 0,5 0,05
w 17,25 10,5 0,5 0,05
w 16,5 10 0,1 1
w 16,5 9 0,1 1
w 17 8,5 1 0,1
w 18 8,5 1 0,1
w 18,5 9,25 0,05 0,5
w 18,5 8,75 0,05 0,5
w 18,5 10,25 0,05 0,5
w 18,5 9,75 0,05 0,5
w 18,5 11 0,1 1
w 17,75 11,5 0,5 0,05
w 17,75 10,5 0,5 0,05
w 18,25 11,5 0,5 0,05
w 18,25 10,5 0,5 0,05
w 18,5 12 0,1 1
w 18,5 12,25 0,05 0,5
w 18,5 11,75 0,05 0,5
w 18,5 13 0,1 1
w 18,5 13,25 0,05 0,5
w 18,5 12,75 0,05 0,5
w 18,5 14 0,1 1
w 18 14,5 1 0,1
w 18,5 14,25 0,05 0,5
w 18,5 13,75 0,05 0,5
w 19 10,5 1 0,1
w 19 8,5 1 0,1
w 20 8,5 1 0,1
w 20,5 9,25 0,05 0,5
w 20,5 8,75 0,05 0,5
w 20 10,5 1 0,1
w 20,5 10,25 0,05 0,5
w 20,5 9,75 0,05 0,5
w 21 10,5 1 0,1
w 21 8,5 1 0,1
w 22,5 9 0,1 1
w 22 8,5 1 0,1
w 22,5 10 0,1 1
w 22 10,5 1 0,1
b 48
w 7,5 16 0,1 1
w 8 15,5 1 0,1
w 7,5 17 0,1 1
w 7,75 17,5 0,5 0,05
w 7,75 16,5 0,5 0,05
w 8,25 17,5 0,5 0,05
w 8,25 16,5 0,5 0,05
w 7,5 18 0,1 1
w 8 18,5 1 0,1
w 9 18,5 1 0,1
w 8,75 17,5 0,5 0,05
w 8,75 16,5 0,5 0,05
w 9,25 17,5 0,5 0,05
w 9,25 16,5 0,5 0,05
w 9 15,5 1 0,1
w 10 15,5 1 0,1
w 9,75 17,5 0,5 0,05
w 9,75 16,5 0,5 0,05
w 10,25 17,5 0,5 0,05
w 10,25 16,5 0,5 0,05
w 10 18,5 1 0,1
w 11,5 18 0,1 1
w 11 18,5 1 0,1
w 11,5 17 0,1 1
w 10,75 17,5 0,5 0,05
w 10,75 16,5 0,5 0,05
w 11,25 17,5 0,5 0,05
w 11,25 16,5 0,5 0,05
w 11,5 16 0,1 1
w 11 15,5 1 0,1
b 49
w 12,5 49 0,1 1
w 13 49,5 1 0,1
w 12,5 48 0,1 1
w 12,5 47 0,1 1
w 12,75 47,5 0,5 0,05
w 13,25 47,5 0,5 0,05
w 12,5 46 0,1 1
w 12,5 45 0,1 1
w 12,5 44 0,1 1
w 13 43,5 1 0,1
w 14 43,5 1 0,1
w 13,5 44,25 0,05 0,5
w 13,5 43,75 0,05 0,5
w 14,5 44,25 0,05 0,5
w 14,5 43,75 0,05 0,5
w 13,5 45,25 0,05 0,5
w 13,5 44,75 0,05 0,5
w 14,5 45,25 0,05 0,5
w 14,5 44,75 0,05 0,5
w 13,5 46,25 0,05 0,5
w 13,5 45,75 0,05 0,5
w 14,5 46,25 0,05 0,5
w 14,5 45,75 0,05 0,5
w 13,5 47,25 0,05 0,5
w 13,5 46,75 0,05 0,5
w 14,5 47,25 0,05 0,5
w 14,5 46,75 0,05 0,5
w 13,5 48,25 0,05 0,5
w 13,5 47,75 0,05 0,5
w 14,5 48,25 0,05 0,5
w 14,5 47,75 0,05 0,5
w 14 49,5 1 0,1
w 13,5 49,25 0,05 0,5
w 13,5 48,75 0,05 0,5
w 14,5 49,25 0,05 0,5
w 14,5 48,75 0,05 0,5
w 15 49,5 1 0,1
w 14,75 47,5 0,5 0,05
w 15,25 47,5 0,5 0,05
w 15 43,5 1 0,1
w 16,5 44 0,1 1
w 16 43,5 1 0,1
w 16,5 45 0,1 1
w 16,5 46 0,1 1
w 16,5 47 0,1 1
w 15,75 47,5 0,5 0,05
w 16,25 47,5 0,5 0,05
w 16,5 48 0,1 1
w 16,5 49 0,1 1
w 16 49,5 1 0,1
b 50
w 16,5 49 0,1 1
w 17 49,5 1 0,1
w 16,5 48 0,1 1
w 16,5 47 0,1 1
w 16,5 46 0,1 1
w 16,75 46,5 0,5 0,05
w 17,25 46,5 0,5 0,05
w 16,5 45 0,1 1
w 16,5 44 0,1 1
w 17 43,5 1 0,1
w 18 43,5 1 0,1
w 17,5 44,25 0,05 0,5
w 17,5 43,75 0,05 0,5
w 18,5 44,25 0,05 0,5
w 18,5 43,75 0,05 0,5
w 17,5 45,25 0,05 0,5
w 17,5 44,75 0,05 0,5
w 18,5 45,25 0,05 0,5
w 18,5 44,75 0,05 0,5
w 17,5 46,25 0,05 0,5
w 17,5 45,75 0,05 0,5
w 18,5 46,25 0,05 0,5
w 18,5 45,75 0,05 0,5
w 17,5 47,25 0,05 0,5
w 17,5 46,75 0,05 0,5
w 18,5 47,25 0,05 0,5
w 18,5 46,75 0,05 0,5
w 17,5 48,25 0,05 0,5
w 17,5 47,75 0,05 0,5
w 18,5 48,25 0,05 0,5
w 18,5 47,75 0,05 0,5
w 18 49,5 1 0,1
w 17,5 49,25 0,05 0,5
w 17,5 48,75 0,05 0,5
w 18,5 49,25 0,05 0,5
w 18,5 48,75 0,05 0,5
w 19 49,5 1 0,1
w 18,75 46,5 0,5 0,05
w 19,25 46,5 0,5 0,05
w 19 43,5 1 0,1
w 20,5 44 0,1 1
w 20 43,5 1 0,1
w 20,5 45 0,1 1
w 20,5 46 0,1 1
w 19,75 46,5 0,5 0,05
w 20,25 46,5 0,5 0,05
w 20,5 47 0,1 1
w 20,5 48 0,1 1
w 20,5 49 0,1 1
w 20 49,5 1 0,1
b 51
w 15,5 36 0,1 1
w 16 35,5 1 0,1
w 15,5 37 0,1 1
w 15,5 38 0,1 1
w 15,5 39 0,1 1
w 16 39,5 1 0,1
w 17 39,5 1 0,1
w 16,5 39,25 0,05 0,5
w 16,5 38,75 0,05 0,5
w 17,5 39,25 0,05 0,5
w 17,5 38,75 0,05 0,5
w 16,5 38,25 0,05 0,5
w 16,5 37,75 0,05 0,5
w 17,5 38,25 0,05 0,5
w 17,5 37,75 0,05 0,5
w 16,5 37,25 0,05 0,5
w 16,5 36,75 0,05 0,5
w 17,5 37,25 0,05 0,5
w 17,5 36,75 0,05 0,5
w 17 35,5 1 0,1
w 16,5 36,25 0,05 0,5
w 16,5 35,75 0,05 0,5
w 17,5 36,25 0,05 0,5
w 17,5 35,75 0,05 0,5
w 18,5 36 0,1 1
w 18 35,5 1 0,1
w 18,5 37 0,1 1
w 18,5 38 0,1 1
w 18,5 39 0,1 1
w 18 39,5 1 0,1
b 52
w 19,5 0 0,1 1
w 20 -0,5 1 0,1
w 19,5 1 0,1 1
w 19,75 1,5 0,5 0,05
w 19,75 0,5 0,5 0,05
w 20,25 1,5 0,5 0,05
w 20,25 0,5 0,5 0,05
w 19,5 2 0,1 1
w 20 2,5 1 0,1
w 21 2,5 1 0,1
w 20,75 1,5 0,5 0,05
w 20,75 0,5 0,5 0,05
w 21,25 1,5 0,5 0,05
w 21,25 0,5 0,5 0,05
w 21 -0,5 1 0,1
w 22 -0,5 1 0,1
w 21,75 1,5 0,5 0,05
w 21,75 0,5 0,5 0,05
w 22,25 1,5 0,5 0,05
w 22,25 0,5 0,5 0,05
w 22 2,5 1 0,1
w 23,5 2 0,1 1
w 23 2,5 1 0,1
w 23,5 1 0,1 1
w 22,75 1,5 0,5 0,05
w 22,75 0,5 0,5 0,05
w 23,25 1,5 0,5 0,05
w 23,25 0,5 0,5 0,05
w 23,5 0 0,1 1
w 23 -0,5 1 0,1
b 53
w 35,5 36 0,1 1
w 36 35,5 1 0,1
w 35,5 37 0,1 1
w 35,75 37,5 0,5 0,05
w 35,75 36,5 0,5 0,05
w 36,25 37,5 0,5 0,05
w 36,25 36,5 0,5 0,05
w 35,5 38 0,1 1
w 36 38,5 1 0,1
w 37 38,5 1 0,1
w 36,75 37,5 0,5 0,05
w 36,75 36,5 0,5 0,05
w 37,25 37,5 0,5 0,05
w 37,25 36,5 0,5 0,05
w 37 35,5 1 0,1
w 38 35,5 1 0,1
w 37,75 37,5 0,5 0,05
w 37,75 36,5 0,5 0,05
w 38,25 37,5 0,5 0,05
w 38,25 36,5 0,5 0,05
w 38 38,5 1 0,1
w 39,5 38 0,1 1
w 39 38,5 1 0,1
w 39,5 37 0,1 1
w 38,75 37,5 0,5 0,05
w 38,75 36,5 0,5 0,05
w 39,25 37,5 0,5 0,05
w 39,25 36,5 0,5 0,05
w 39,5 36 0,1 1
w 39 35,5 1 0,1
b 54
w 39,5 40 0,1 1
w 40 39,5 1 0,1
w 39,5 41 0,1 1
w 39,75 41,5 0,5 0,05
w 39,75 40,5 0,5 0,05
w 40,25 41,5 0,5 0,05
w 40,25 40,5 0,5 0,05
w 39,5 42 0,1 1
w 40 42,5 1 0,1
w 41 42,5 1 0,1
w 40,75 41,5 0,5 0,05
w 40,75 40,5 0,5 0,05
w 41,25 41,5 0,5 0,05
w 41,25 40,5 0,5 0,05
w 41 39,5 1 0,1
w 42,5 40 0,1 1
w 42 39,5 1 0,1
w 42,5 41 0,1 1
w 41,75 41,5 0,5 0,05
w 41,75 40,5 0,5 0,05
w 42,25 41,5 0,5 0,05
w 42,25 40,5 0,5 0,05
w 42,5 42 0,1 1
w 42 42,5 1 0,1
b 55
w 27,5 46 0,1 1
w 28 45,5 1 0,1
w 27,5 47 0,1 1
w 27,5 48 0,1 1
w 27,5 49 0,1 1
w 28 49,5 1 0,1
w 29 49,5 1 0,1
w 28,5 49,25 0,05 0,5
w 28,5 48,75 0,05 0,5
w 29,5 49,25 0,05 0,5
w 29,5 48,75 0,05 0,5
w 28,5 48,25 0,05 0,5
w 28,5 47,75 0,05 0,5
w 29,5 48,25 0,05 0,5
w 29,5 47,75 0,05 0,5
w 28,5 47,25 0,05 0,5
w 28,5 46,75 0,05 0,5
w 29,5 47,25 0,05 0,5
w 29,5 46,75 0,05 0,5
w 29 45,5 1 0,1
w 28,5 46,25 0,05 0,5
w 28,5 45,75 0,05 0,5
w 29,5 46,25 0,05 0,5
w 29,5 45,75 0,05 0,5
w 30,5 46 0,1 1
w 30 45,5 1 0,1
w 30,5 47 0,1 1
w 30,5 48 0,1 1
w 30,5 49 0,1 1
w 30 49,5 1 0,1
b 56
w 33 39,5 1 0,1
w 32,5 39,25 0,05 0,5
w 32,5 38,75 0,05 0,5
w 33,5 39,25 0,05 0,5
w 33,5 38,75 0,05 0,5
w 31,5 39 0,1 1
w 32 39,5 1 0,1
w 31,5 38 0,1 1
w 31,5 37 0,1 1
w 31,5 36 0,1 1
w 32 35,5 1 0,1
w 33 35,5 1 0,1
w 32,5 36,25 0,05 0,5
w 32,5 35,75 0,05 0,5
w 33,5 36,25 0,05 0,5
w 33,5 35,75 0,05 0,5
w 32,5 37,25 0,05 0,5
w 32,5 36,75 0,05 0,5
w 33,5 37,25 0,05 0,5
w 33,5 36,75 0,05 0,5
w 32,5 38,25 0,05 0,5
w 32,5 37,75 0,05 0,5
w 33,5 38,25 0,05 0,5
w 33,5 37,75 0,05 0,5
w 34,5 38 0,1 1
w 34,5 37 0,1 1
w 34,5 36 0,1 1
w 34 35,5 1 0,1
w 34,5 39 0,1 1
w 34 39,5 1 0,1
b 57
w 31,5 4 0,1 1
w 32 3,5 1 0,1
w 31,5 5 0,1 1
w 31,75 5,5 0,5 0,05
w 31,75 4,5 0,5 0,05
w 32,25 5,5 0,5 0,05
w 32,25 4,5 0,5 0,05
w 31,5 6 0,1 1
w 32 6,5 1 0,1
w 33 6,5 1 0,1
w 32,75 5,5 0,5 0,05
w 32,75 4,5 0,5 0,05
w 33,25 5,5 0,5 0,05
w 33,25 4,5 0,5 0,05
w 33 3,5 1 0,1
w 34 3,5 1 0,1
w 33,75 5,5 0,5 0,05
w 33,75 4,5 0,5 0,05
w 34,25 5,5 0,5 0,05
w 34,25 4,5 0,5 0,05
w 34 6,5 1 0,1
w 35,5 6 0,1 1
w 35 6,5 1 0,1
w 35,5 5 0,1 1
w 34,75 5,5 0,5 0,05
w 34,75 4,5 0,5 0,05
w 35,25 5,5 0,5 0,05
w 35,25 4,5 0,5 0,05
w 35,5 4 0,1 1
w 35 3,5 1 0,1
b 58
w 35,5 0 0,1 1
w 36 -0,5 1 0,1
w 35,5 1 0,1 1
w 35,5 2 0,1 1
w 35,5 3 0,1 1
w 36 3,5 1 0,1
w 37 3,5 1 0,1
w 36,5 3,25 0,05 0,5
w 36,5 2,75 0,05 0,5
w 37,5 3,25 0,05 0,5
w 37,5 2,75 0,05 0,5
w 36,5 2,25 0,05 0,5
w 36,5 1,75 0,05 0,5
w 37,5 2,25 0,05 0,5
w 37,5 1,75 0,05 0,5
w 36,5 1,25 0,05 0,5
w 36,5 0,75 0,05 0,5
w 37,5 1,25 0,05 0,5
w 37,5 0,75 0,05 0,5
w 37 -0,5 1 0,1
w 36,5 0,25 0,05 0,5
w 36,5 -0,25 0,05 0,5
w 37,5 0,25 0,05 0,5
w 37,5 -0,25 0,05 0,5
w 38,5 0 0,1 1
w 38 -0,5 1 0,1
w 38,5 1 0,1 1
w 38,5 2 0,1 1
w 38,5 3 0,1 1
w 38 3,5 1 0,1
b 59
w 35,5 16 0,1 1
w 36 15,5 1 0,1
w 35,5 17 0,1 1
w 35,5 18 0,1 1
w 35,5 19 0,1 1
w 36 19,5 1 0,1
w 37 19,5 1 0,1
w 36,5 19,25 0,05 0,5
w 36,5 18,75 0,05 0,5
w 37,5 19,25 0,05 0,5
w 37,5 18,75 0,05 0,5
w 36,5 18,25 0,05 0,5
w 36,5 17,75 0,05 0,5
w 37,5 18,25 0,05 0,5
w 37,5 17,75 0,05 0,5
w 36,5 17,25 0,05 0,5
w 36,5 16,75 0,05 0,5
w 37,5 17,25 0,05 0,5
w 37,5 16,75 0,05 0,5
w 37 15,5 1 0,1
w 36,5 16,25 0,05 0,5
w 36,5 15,75 0,05 0,5
w 37,5 16,25 0,05 0,5
w 37,5 15,75 0,05 0,5
w 38,5 16 0,1 1
w 38 15,5 1 0,1
w 38,5 17 0,1 1
w 38,5 18 0,1 1
w 38,5 19 0,1 1
w 38 19,5 1 0,1
b 60
w 35,5 40 0,1 1
w 36 39,5 1 0,1
w 35,5 41 0,1 1
w 35,75 41,5 0,5 0,05
w 36,25 41,5 0,5 0,05
w 35,5 42 0,1 1
w 35,5 43 0,1 1
w 35,5 44 0,1 1
w 35,5 45 0,1 1
w 36 45,5 1 0,1
w 37 45,5 1 0,1
w 36,5 45,25 0,05 0,5
w 36,5 44,75 0,05 0,5
w 37,5 45,25 0,05 0,5
w 37,5 44,75 0,05 0,5
w 36,5 44,25 0,05 0,5
w 36,5 43,75 0,05 0,5
w 37,5 44,25 0,05 0,5
w 37,5 43,75 0,05 0,5
w 36,5 43,25 0,05 0,5
w 36,5 42,75 0,05 0,5
w 37,5 43,25 0,05 0,5
w 37,5 42,75 0,05 0,5
w 36,5 42,25 0,05 0,5
w 36,5 41,75 0,05 0,5
w 37,5 42,25 0,05 0,5
w 37,5 41,75 0,05 0,5
w 36,5 41,25 0,05 0,5
w 36,5 40,75 0,05 0,5
w 37,5 41,25 0,05 0,5
w 37,5 40,75 0,05 0,5
w 37 39,5 1 0,1
w 36,5 40,25 0,05 0,5
w 36,5 39,75 0,05 0,5
w 37,5 40,25 0,05 0,5
w 37,5 39,75 0,05 0,5
w 38,5 40 0,1 1
w 38 39,5 1 0,1
w 38,5 41 0,1 1
w 37,75 41,5 0,5 0,05
w 38,25 41,5 0,5 0,05
w 38,5 42 0,1 1
w 38,5 43 0,1 1
w 38,5 44 0,1 1
w 38,5 45 0,1 1
w 38 45,5 1 0,1
b 61
w 43,5 0 0,1 1
w 44 -0,5 1 0,1
w 43,5 1 0,1 1
w 43,75 1,5 0,5 0,05
w 43,75 0,5 0,5 0,05
w 44,25 1,5 0,5 0,05
w 44,25 0,5 0,5 0,05
w 43,5 2 0,1 1
w 43,5 3 0,1 1
w 44 3,5 1 0,1
w 45 3,5 1 0,1
w 44,75 1,5 0,5 0,05
w 44,75 0,5 0,5 0,05
w 45,25 1,5 0,5 0,05
w 45,25 0,5 0,5 0,05
w 45 -0,5 1 0,1
w 46 -0,5 1 0,1
w 46,5 0,25 0,05 0,5
w 46,5 -0,25 0,05 0,5
w 45,75 1,5 0,5 0,05
w 45,75 0,5 0,5 0,05
w 46,25 1,5 0,5 0,05
w 46,25 0,5 0,5 0,05
w 46,5 2,25 0,05 0,5
w 46,5 1,75 0,05 0,5
w 46 3,5 1 0,1
w 46,5 3,25 0,05 0,5
w 46,5 2,75 0,05 0,5
w 47 3,5 1 0,1
w 47,5 3,25 0,05 0,5
w 47,5 2,75 0,05 0,5
w 47,5 2,25 0,05 0,5
w 47,5 1,75 0,05 0,5
w 46,75 1,5 0,5 0,05
w 46,75 0,5 0,5 0,05
w 47,25 1,5 0,5 0,05
w 47,25 0,5 0,5 0,05
w 47 -0,5 1 0,1
w 47,5 0,25 0,05 0,5
w 47,5 -0,25 0,05 0,5
w 48 -0,5 1 0,1
w 47,75 1,5 0,5 0,05
w 47,75 0,5 0,5 0,05
w 48,25 1,5 0,5 0,05
w 48,25 0,5 0,5 0,05
w 48 3,5 1 0,1
w 49,5 3 0,1 1
w 49 3,5 1 0,1
w 49,5 2 0,1 1
w 49,5 1 0,1 1
w 48,75 1,5 0,5 0,05
w 48,75 0,5 0,5 0,05
w 49,25 1,5 0,5 0,05
w 49,25 0,5 0,5 0,05
w 49,5 0 0,1 1
w 49 -0,5 1 0,1
b 62
w 43,5 12 0,1 1
w 44 11,5 1 0,1
w 43,5 13 0,1 1
w 43,75 13,5 0,5 0,05
w 43,75 12,5 0,5 0,05
w 44,25 13,5 0,5 0,05
w 44,25 12,5 0,5 0,05
w 43,5 14 0,1 1
w 43,5 15 0,1 1
w 44 15,5 1 0,1
w 45 15,5 1 0,1
w 44,75 13,5 0,5 0,05
w 44,75 12,5 0,5 0,05
w 45,25 13,5 0,5 0,05
w 45,25 12,5 0,5 0,05
w 45 11,5 1 0,1
w 46 11,5 1 0,1
w 45,75 13,5 0,5 0,05
w 45,75 12,5 0,5 0,05
w 46,25 13,5 0,5 0,05
w 46,25 12,5 0,5 0,05
w 46 15,5 1 0,1
w 47 15,5 1 0,1
w 46,75 13,5 0,5 0,05
w 46,75 12,5 0,5 0,05
w 47,25 13,5 0,5 0,05
w 47,25 12,5 0,5 0,05
w 47 11,5 1 0,1
w 48 11,5 1 0,1
w 47,75 13,5 0,5 0,05
w 47,75 12,5 0,5 0,05
w 48,25 13,5 0,5 0,05
w 48,25 12,5 0,5 0,05
w 48 15,5 1 0,1
w 49,5 15 0,1 1
w 49 15,5 1 0,1
w 49,5 14 0,1 1
w 49,5 13 0,1 1
w 48,75 13,5 0,5 0,05
w 48,75 12,5 0,5 0,05
w 49,25 13,5 0,5 0,05
w 49,25 12,5 0,5 0,05
w 49,5 12 0,1 1
w 49 11,5 1 0,1
b 63
w 43,5 20 0,1 1
w 44 19,5 1 0,1
w 43,5 21 0,1 1
w 43,75 21,5 0,5 0,05
w 43,75 20,5 0,5 0,05
w 44,25 21,5 0,5 0,05
w 44,25 20,5 0,5 0,05
w 43,5 22 0,1 1
w 43,5 23 0,1 1
w 44 23,5 1 0,1
w 45 23,5 1 0,1
w 44,75 21,5 0,5 0,05
w 44,75 20,5 0,5 0,05
w 45,25 21,5 0,5 0,05
w 45,25 20,5 0,5 0,05
w 45 19,5 1 0,1
w 46 19,5 1 0,1
w 46,5 20,25 0,05 0,5
w 46,5 19,75 0,05 0,5
w 45,75 21,5 0,5 0,05
w 45,75 20,5 0,5 0,05
w 46,25 21,5 0,5 0,05
w 46,25 20,5 0,5 0,05
w 46,5 22,25 0,05 0,5
w 46,5 21,75 0,05 0,5
w 46 23,5 1 0,1
w 46,5 23,25 0,05 0,5
w 46,5 22,75 0,05 0,5
w 47 23,5 1 0,1
w 46,75 21,5 0,5 0,05
w 46,75 20,5 0,5 0,05
w 47,25 21,5 0,5 0,05
w 47,25 20,5 0,5 0,05
w 47 19,5 1 0,1
w 48 19,5 1 0,1
w 47,75 21,5 0,5 0,05
w 47,75 20,5 0,5 0,05
w 48,25 21,5 0,5 0,05
w 48,25 20,5 0,5 0,05
w 48 23,5 1 0,1
w 49,5 23 0,1 1
w 49 23,5 1 0,1
w 49,5 22 0,1 1
w 49,5 21 0,1 1
w 48,75 21,5 0,5 0,05
w 48,75 20,5 0,5 0,05
w 49,25 21,5 0,5 0,05
w 49,25 20,5 0,5 0,05
w 49,5 20 0,1 1
w 49 19,5 1 0,1
b 64
w 43,5 24 0,1 1
w 44 23,5 1 0,1
w 43,5 25 0,1 1
w 43,75 25,5 0,5 0,05
w 43,75 24,5 0,5 0,05
w 44,25 25,5 0,5 0,05
w 44,25 24,5 0,5 0,05
w 43,5 26 0,1 1
w 43,5 27 0,1 1
w 44 27,5 1 0,1
w 45 27,5 1 0,1
w 44,75 25,5 0,5 0,05
w 44,75 24,5 0,5 0,05
w 45,25 25,5 0,5 0,05
w 45,25 24,5 0,5 0,05
w 45 23,5 1 0,1
w 46 23,5 1 0,1
w 46,5 24,25 0,05 0,5
w 46,5 23,75 0,05 0,5
w 45,75 25,5 0,5 0,05
w 45,75 24,5 0,5 0,05
w 46,25 25,5 0,5 0,05
w 46,25 24,5 0,5 0,05
w 46,5 26,25 0,05 0,5
w 46,5 25,75 0,05 0,5
w 46 27,5 1 0,1
w 46,5 27,25 0,05 0,5
w 46,5 26,75 0,05 0,5
w 47 27,5 1 0,1
w 47,5 27,25 0,05 0,5
w 47,5 26,75 0,05 0,5
w 47,5 26,25 0,05 0,5
w 47,5 25,75 0,05 0,5
w 46,75 25,5 0,5 0,05
w 46,75 24,5 0,5 0,05
w 47,25 25,5 0,5 0,05
w 47,25 24,5 0,5 0,05
w 47 23,5 1 0,1
w 47,5 24,25 0,05 0,5
w 47,5 23,75 0,05 0,5
w 48 23,5 1 0,1
w 47,75 25,5 0,5 0,05
w 47,75 24,5 0,5 0,05
w 48,25 25,5 0,5 0,05
w 48,25 24,5 0,5 0,05
w 48 27,5 1 0,1
w 49,5 27 0,1 1
w 49 27,5 1 0,1
w 49,5 26 0,1 1
w 49,5 25 0,1 1
w 48,75 25,5 0,5 0,05
w 48,75 24,5 0,5 0,05
w 49,25 25,5 0,5 0,05
w 49,25 24,5 0,5 0,05
w 49,5 24 0,1 1
w 49 23,5 1 0,1
b 65
w 43,5 32 0,1 1
w 44 31,5 1 0,1
w 43,5 33 0,1 1
w 43,75 33,5 0,5 0,05
w 43,75 32,5 0,5 0,05
w 44,25 33,5 0,5 0,05
w 44,25 32,5 0,5 0,05
w 43,5 34 0,1 1
w 43,5 35 0,1 1
w 44 35,5 1 0,1
w 45 35,5 1 0,1
w 44,75 33,5 0,5 0,05
w 44,75 32,5 0,5 0,05
w 45,25 33,5 0,5 0,05
w 45,25 32,5 0,5 0,05
w 45 31,5 1 0,1
w 46 31,5 1 0,1
w 45,75 33,5 0,5 0,05
w 45,75 32,5 0,5 0,05
w 46,25 33,5 0,5 0,05
w 46,25 32,5 0,5 0,05
w 46 35,5 1 0,1
w 47 35,5 1 0,1
w 46,75 33,5 0,5 0,05
w 46,75 32,5 0,5 0,05
w 47,25 33,5 0,5 0,05
w 47,25 32,5 0,5 0,05
w 47 31,5 1 0,1
w 48 31,5 1 0,1
w 47,75 33,5 0,5 0,05
w 47,75 32,5 0,5 0,05
w 48,25 33,5 0,5 0,05
w 48,25 32,5 0,5 0,05
w 48 35,5 1 0,1
w 49,5 35 0,1 1
w 49 35,5 1 0,1
w 49,5 34 0,1 1
w 49,5 33 0,1 1
w 48,75 33,5 0,5 0,05
w 48,75 32,5 0,5 0,05
w 49,25 33,5 0,5 0,05
w 49,25 32,5 0,5 0,05
w 49,5 32 0,1 1
w 49 31,5 1 0,1
b 66
w -0,5 4 0,1 1
w 0 3,5 1 0,1
w -0,5 5 0,1 1
w -0,25 5,5 0,5 0,05
w -0,25 4,5 0,5 0,05
w 0,25 5,5 0,5 0,05
w 0,25 4,5 0,5 0,05
w -0,5 6 0,1 1
w 0 6,5 1 0,1
w 1 6,5 1 0,1
w 0,75 5,5 0,5 0,05
w 0,75 4,5 0,5 0,05
w 1,25 5,5 0,5 0,05
w 1,25 4,5 0,5 0,05
w 1 3,5 1 0,1
w 2 3,5 1 0,1
w 1,75 5,5 0,5 0,05
w 1,75 4,5 0,5 0,05
w 2,25 5,5 0,5 0,05
w 2,25 4,5 0,5 0,05
w 2 6,5 1 0,1
w 3 6,5 1 0,1
w 2,75 5,5 0,5 0,05
w 2,75 4,5 0,5 0,05
w 3,25 5,5 0,5 0,05
w 3,25 4,5 0,5 0,05
w 3 3,5 1 0,1
w 4 3,5 1 0,1
w 3,75 5,5 0,5 0,05
w 3,75 4,5 0,5 0,05
w 4,25 5,5 0,5 0,05
w 4,25 4,5 0,5 0,05
w 3,5 7 0,1 1
w 4 7,5 1 0,1
w 5,5 7 0,1 1
w 5 7,5 1 0,1
w 5,5 6 0,1 1
w 5,5 5 0,1 1
w 4,75 5,5 0,5 0,05
w 4,75 4,5 0,5 0,05
w 5,25 5,5 0,5 0,05
w 5,25 4,5 0,5 0,05
w 5,5 4 0,1 1
w 5 3,5 1 0,1
b 67
w 6,5 42 0,1 1
w 7 42,5 1 0,1
w 6,5 41 0,1 1
w 6,5 40 0,1 1
w 6,5 39 0,1 1
w 6,75 39,5 0,5 0,05
w 6,75 38,5 0,5 0,05
w 7,25 39,5 0,5 0,05
w 7,25 38,5 0,5 0,05
w 6,5 38 0,1 1
w 6,5 37 0,1 1
w 7 36,5 1 0,1
w 8 36,5 1 0,1
w 7,75 39,5 0,5 0,05
w 7,75 38,5 0,5 0,05
w 8,25 39,5 0,5 0,05
w 8,25 38,5 0,5 0,05
w 8 42,5 1 0,1
w 9 42,5 1 0,1
w 8,75 39,5 0,5 0,05
w 8,75 38,5 0,5 0,05
w 9,25 39,5 0,5 0,05
w 9,25 38,5 0,5 0,05
w 9 36,5 1 0,1
w 10 36,5 1 0,1
w 10,5 37,25 0,05 0,5
w 10,5 36,75 0,05 0,5
w 10,5 38,25 0,05 0,5
w 10,5 37,75 0,05 0,5
w 9,75 39,5 0,5 0,05
w 9,75 38,5 0,5 0,05
w 10,25 39,5 0,5 0,05
w 10,25 38,5 0,5 0,05
w 10,5 40,25 0,05 0,5
w 10,5 39,75 0,05 0,5
w 10,5 41,25 0,05 0,5
w 10,5 40,75 0,05 0,5
w 10 42,5 1 0,1
w 10,5 42,25 0,05 0,5
w 10,5 41,75 0,05 0,5
w 11 42,5 1 0,1
w 10,75 39,5 0,5 0,05
w 10,75 38,5 0,5 0,05
w 11,25 39,5 0,5 0,05
w 11,25 38,5 0,5 0,05
w 11 36,5 1 0,1
w 12,5 37 0,1 1
w 12 36,5 1 0,1
w 12,5 38 0,1 1
w 12,5 39 0,1 1
w 11,75 39,5 0,5 0,05
w 11,75 38,5 0,5 0,05
w 12,25 39,5 0,5 0,05
w 12,25 38,5 0,5 0,05
w 12,5 40 0,1 1
w 12,5 41 0,1 1
w 12,5 42 0,1 1
w 12 42,5 1 0,1
b 68
w 12,5 30 0,1 1
w 13 30,5 1 0,1
w 12,5 29 0,1 1
w 12,5 28 0,1 1
w 12,75 28,5 0,5 0,05
w 12,75 27,5 0,5 0,05
w 13,25 28,5 0,5 0,05
w 13,25 27,5 0,5 0,05
w 12,5 27 0,1 1
w 12,5 26 0,1 1
w 13 25,5 1 0,1
w 14 25,5 1 0,1
w 14,5 26,25 0,05 0,5
w 14,5 25,75 0,05 0,5
w 14,5 27,25 0,05 0,5
w 14,5 26,75 0,05 0,5
w 13,75 28,5 0,5 0,05
w 13,75 27,5 0,5 0,05
w 14,25 28,5 0,5 0,05
w 14,25 27,5 0,5 0,05
w 14,5 29,25 0,05 0,5
w 14,5 28,75 0,05 0,5
w 14 30,5 1 0,1
w 14,5 30,25 0,05 0,5
w 14,5 29,75 0,05 0,5
w 15 30,5 1 0,1
w 14,75 28,5 0,5 0,05
w 14,75 27,5 0,5 0,05
w 15,25 28,5 0,5 0,05
w 15,25 27,5 0,5 0,05
w 15 25,5 1 0,1
w 16 25,5 1 0,1
w 15,75 28,5 0,5 0,05
w 15,75 27,5 0,5 0,05
w 16,25 28,5 0,5 0,05
w 16,25 27,5 0,5 0,05
w 16 30,5 1 0,1
w 17,5 30 0,1 1
w 17 30,5 1 0,1
w 17,5 29 0,1 1
w 17,5 28 0,1 1
w 16,75 28,5 0,5 0,05
w 16,75 27,5 0,5 0,05
w 17,25 28,5 0,5 0,05
w 17,25 27,5 0,5 0,05
w 17,5 27 0,1 1
w 17,5 26 0,1 1
w 17 25,5 1 0,1
b 69
w 12,5 36 0,1 1
w 13 36,5 1 0,1
w 12,5 36,25 0,05 0,5
w 12,5 35,75 0,05 0,5
w 13,5 36,25 0,05 0,5
w 13,5 35,75 0,05 0,5
w 12,5 35 0,1 1
w 12,5 35,25 0,05 0,5
w 12,5 34,75 0,05 0,5
w 13,5 35,25 0,05 0,5
w 13,5 34,75 0,05 0,5
w 12,5 34 0,1 1
w 12,5 34,25 0,05 0,5
w 12,5 33,75 0,05 0,5
w 13,5 34,25 0,05 0,5
w 13,5 33,75 0,05 0,5
w 12,5 33 0,1 1
w 12,5 33,25 0,05 0,5
w 12,5 32,75 0,05 0,5
w 13,5 33,25 0,05 0,5
w 13,5 32,75 0,05 0,5
w 12,5 32 0,1 1
w 13 31,5 1 0,1
w 12,5 32,25 0,05 0,5
w 12,5 31,75 0,05 0,5
w 13,5 32,25 0,05 0,5
w 13,5 31,75 0,05 0,5
w 14,5 32 0,1 1
w 14 31,5 1 0,1
w 14,5 33 0,1 1
w 14,5 34 0,1 1
w 14,5 35 0,1 1
w 14,5 36 0,1 1
w 14 36,5 1 0,1
b 70
w 7,5 4 0,1 1
w 8 4,5 1 0,1
w 8 3,5 1 0,1
w 9 4,5 1 0,1
w 9 3,5 1 0,1
w 10 4,5 1 0,1
w 10 3,5 1 0,1
w 11 4,5 1 0,1
w 11 3,5 1 0,1
w 12,5 4 0,1 1
w 12 4,5 1 0,1
w 11,5 4,25 0,05 0,5
w 11,5 3,75 0,05 0,5
w 12,5 4,25 0,05 0,5
w 12,5 3,75 0,05 0,5
w 12,5 3 0,1 1
w 11,5 3 0,1 1
w 11,5 3,25 0,05 0,5
w 11,5 2,75 0,05 0,5
w 12,5 3,25 0,05 0,5
w 12,5 2,75 0,05 0,5
w 12,5 2 0,1 1
w 11,5 2 0,1 1
w 11,5 2,25 0,05 0,5
w 11,5 1,75 0,05 0,5
w 12,5 2,25 0,05 0,5
w 12,5 1,75 0,05 0,5
w 12,5 1 0,1 1
w 11,5 1 0,1 1
w 11,5 1,25 0,05 0,5
w 11,5 0,75 0,05 0,5
w 12,5 1,25 0,05 0,5
w 12,5 0,75 0,05 0,5
w 12,5 0 0,1 1
w 11,5 0 0,1 1
w 12 -0,5 1 0,1
w 11,5 0,25 0,05 0,5
w 11,5 -0,25 0,05 0,5
w 12,5 0,25 0,05 0,5
w 12,5 -0,25 0,05 0,5
b 71
w 7,5 5 0,1 1
w 8 4,5 1 0,1
w 7,5 6 0,1 1
w 8 6,5 1 0,1
w 7,75 6,5 0,5 0,05
w 7,75 5,5 0,5 0,05
w 8,25 6,5 0,5 0,05
w 8,25 5,5 0,5 0,05
w 9 6,5 1 0,1
w 8,75 6,5 0,5 0,05
w 8,75 5,5 0,5 0,05
w 9,25 6,5 0,5 0,05
w 9,25 5,5 0,5 0,05
w 9 4,5 1 0,1
w 10 4,5 1 0,1
w 10 6,5 1 0,1
w 9,75 6,5 0,5 0,05
w 9,75 5,5 0,5 0,05
w 10,25 6,5 0,5 0,05
w 10,25 5,5 0,5 0,05
w 11 6,5 1 0,1
w 10,75 6,5 0,5 0,05
w 10,75 5,5 0,5 0,05
w 11,25 6,5 0,5 0,05
w 11,25 5,5 0,5 0,05
w 11 4,5 1 0,1
w 12,5 5 0,1 1
w 12 4,5 1 0,1
w 12,5 6 0,1 1
w 12 6,5 1 0,1
w 11,75 6,5 0,5 0,05
w 11,75 5,5 0,5 0,05
w 12,25 6,5 0,5 0,05
w 12,25 5,5 0,5 0,05
w 12,5 8 0,1 1
w 11,5 8 0,1 1
w 12 8,5 1 0,1
w 12 7,5 1 0,1
b 72
w 12,5 3 0,1 1
w 13 3,5 1 0,1
w 12,5 3,25 0,05 0,5
w 12,5 2,75 0,05 0,5
w 13,5 3,25 0,05 0,5
w 13,5 2,75 0,05 0,5
w 12,5 0 0,1 1
w 13 -0,5 1 0,1
w 12,5 0,25 0,05 0,5
w 12,5 -0,25 0,05 0,5
w 13,5 0,25 0,05 0,5
w 13,5 -0,25 0,05 0,5
w 12,5 1 0,1 1
w 12,5 1,25 0,05 0,5
w 12,5 0,75 0,05 0,5
w 13,5 1,25 0,05 0,5
w 13,5 0,75 0,05 0,5
w 12,5 2 0,1 1
w 12,5 2,25 0,05 0,5
w 12,5 1,75 0,05 0,5
w 13,5 2,25 0,05 0,5
w 13,5 1,75 0,05 0,5
w 14,5 2 0,1 1
w 14,5 1 0,1 1
w 14,5 0 0,1 1
w 14 -0,5 1 0,1
w 14,5 3 0,1 1
w 14 3,5 1 0,1
b 73
w 12,5 6 0,1 1
w 13 6,5 1 0,1
w 12,5 5 0,1 1
w 12,75 5,5 0,5 0,05
w 13,25 5,5 0,5 0,05
w 12,5 4 0,1 1
w 13 3,5 1 0,1
w 14 3,5 1 0,1
w 13,5 4,25 0,05 0,5
w 13,5 3,75 0,05 0,5
w 14,5 4,25 0,05 0,5
w 14,5 3,75 0,05 0,5
w 13,5 5,25 0,05 0,5
w 13,5 4,75 0,05 0,5
w 14,5 5,25 0,05 0,5
w 14,5 4,75 0,05 0,5
w 14 6,5 1 0,1
w 13,5 6,25 0,05 0,5
w 13,5 5,75 0,05 0,5
w 14,5 6,25 0,05 0,5
w 14,5 5,75 0,05 0,5
w 15 6,5 1 0,1
w 14,75 5,5 0,5 0,05
w 15,25 5,5 0,5 0,05
w 15 3,5 1 0,1
w 16,5 4 0,1 1
w 16 3,5 1 0,1
w 16,5 5 0,1 1
w 15,75 5,5 0,5 0,05
w 16,25 5,5 0,5 0,05
w 16,5 6 0,1 1
w 16,5 7 0,1 1
w 15,5 7 0,1 1
w 16,5 8 0,1 1
w 16 8,5 1 0,1
w 15 8,5 1 0,1
w 15 7,5 1 0,1
w 12,5 8 0,1 1
w 13 8,5 1 0,1
w 13 7,5 1 0,1
w 14 8,5 1 0,1
w 14 7,5 1 0,1
w 13,5 8,25 0,05 0,5
w 13,5 7,75 0,05 0,5
w 14,5 8,25 0,05 0,5
w 14,5 7,75 0,05 0,5
b 74
w 15 8,5 1 0,1
w 14 8,5 1 0,1
w 13,5 9,25 0,05 0,5
w 13,5 8,75 0,05 0,5
w 14,5 9,25 0,05 0,5
w 14,5 8,75 0,05 0,5
w 13,5 10,25 0,05 0,5
w 13,5 9,75 0,05 0,5
w 14,5 10,25 0,05 0,5
w 14,5 9,75 0,05 0,5
w 12,5 10 0,1 1
w 12,5 11 0,1 1
w 12,5 9 0,1 1
w 13 8,5 1 0,1
w 12,5 13 0,1 1
w 13 13,5 1 0,1
w 12,5 12 0,1 1
w 13,5 12,25 0,05 0,5
w 13,5 11,75 0,05 0,5
w 14,5 12,25 0,05 0,5
w 14,5 11,75 0,05 0,5
w 14 13,5 1 0,1
w 13,5 13,25 0,05 0,5
w 13,5 12,75 0,05 0,5
w 14,5 13,25 0,05 0,5
w 14,5 12,75 0,05 0,5
w 15 13,5 1 0,1
w 13,5 11,25 0,05 0,5
w 13,5 10,75 0,05 0,5
w 14,5 11,25 0,05 0,5
w 14,5 10,75 0,05 0,5
w 16,5 10 0,1 1
w 16,5 11 0,1 1
w 16,5 12 0,1 1
w 16,5 13 0,1 1
w 16 13,5 1 0,1
w 16,5 9 0,1 1
w 16 8,5 1 0,1
b 75
w 16,5 8 0,1 1
w 17 8,5 1 0,1
w 16,5 7 0,1 1
w 16,5 6 0,1 1
w 16,75 6,5 0,5 0,05
w 16,75 5,5 0,5 0,05
w 17,25 6,5 0,5 0,05
w 17,25 5,5 0,5 0,05
w 16,5 5 0,1 1
w 16,5 4 0,1 1
w 17 3,5 1 0,1
w 18 3,5 1 0,1
w 17,75 6,5 0,5 0,05
w 17,75 5,5 0,5 0,05
w 18,25 6,5 0,5 0,05
w 18,25 5,5 0,5 0,05
w 18 8,5 1 0,1
w 19 8,5 1 0,1
w 18,75 6,5 0,5 0,05
w 18,75 5,5 0,5 0,05
w 19,25 6,5 0,5 0,05
w 19,25 5,5 0,5 0,05
w 19 3,5 1 0,1
w 20 3,5 1 0,1
w 19,75 6,5 0,5 0,05
w 19,75 5,5 0,5 0,05
w 20,25 6,5 0,5 0,05
w 20,25 5,5 0,5 0,05
w 20 8,5 1 0,1
w 21 8,5 1 0,1
w 20,75 6,5 0,5 0,05
w 20,75 5,5 0,5 0,05
w 21,25 6,5 0,5 0,05
w 21,25 5,5 0,5 0,05
w 21 3,5 1 0,1
w 22,5 4 0,1 1
w 22 3,5 1 0,1
w 22,5 5 0,1 1
w 22,5 6 0,1 1
w 21,75 6,5 0,5 0,05
w 21,75 5,5 0,5 0,05
w 22,25 6,5 0,5 0,05
w 22,25 5,5 0,5 0,05
w 22,5 7 0,1 1
w 22,5 8 0,1 1
w 22 8,5 1 0,1
b 76
w 7,5 44 0,1 1
w 8 43,5 1 0,1
w 7,5 45 0,1 1
w 7,5 46 0,1 1
w 7,5 47 0,1 1
w 7,5 48 0,1 1
w 7,5 49 0,1 1
w 8 49,5 1 0,1
w 9 49,5 1 0,1
w 9 43,5 1 0,1
w 10 43,5 1 0,1
w 9,5 44,25 0,05 0,5
w 9,5 43,75 0,05 0,5
w 10,5 44,25 0,05 0,5
w 10,5 43,75 0,05 0,5
w 9,5 45,25 0,05 0,5
w 9,5 44,75 0,05 0,5
w 10,5 45,25 0,05 0,5
w 10,5 44,75 0,05 0,5
w 9,5 46,25 0,05 0,5
w 9,5 45,75 0,05 0,5
w 10,5 46,25 0,05 0,5
w 10,5 45,75 0,05 0,5
w 9,5 47,25 0,05 0,5
w 9,5 46,75 0,05 0,5
w 10,5 47,25 0,05 0,5
w 10,5 46,75 0,05 0,5
w 9,5 48,25 0,05 0,5
w 9,5 47,75 0,05 0,5
w 10,5 48,25 0,05 0,5
w 10,5 47,75 0,05 0,5
w 10 49,5 1 0,1
w 9,5 49,25 0,05 0,5
w 9,5 48,75 0,05 0,5
w 10,5 49,25 0,05 0,5
w 10,5 48,75 0,05 0,5
w 11 49,5 1 0,1
w 11 43,5 1 0,1
w 12,5 44 0,1 1
w 12 43,5 1 0,1
w 12,5 45 0,1 1
w 12,5 46 0,1 1
w 12,5 47 0,1 1
w 12,5 48 0,1 1
w 12,5 49 0,1 1
w 12 49,5 1 0,1
b 77
w 23,5 35 0,1 1
w 24 34,5 1 0,1
w 23,5 36 0,1 1
w 23,75 36,5 0,5 0,05
w 23,75 35,5 0,5 0,05
w 24,25 36,5 0,5 0,05
w 24,25 35,5 0,5 0,05
w 23,5 37 0,1 1
w 23,5 38 0,1 1
w 24 38,5 1 0,1
w 25 38,5 1 0,1
w 24,75 36,5 0,5 0,05
w 24,75 35,5 0,5 0,05
w 25,25 36,5 0,5 0,05
w 25,25 35,5 0,5 0,05
w 25 34,5 1 0,1
w 26 34,5 1 0,1
w 25,75 36,5 0,5 0,05
w 25,75 35,5 0,5 0,05
w 26,25 36,5 0,5 0,05
w 26,25 35,5 0,5 0,05
w 26 38,5 1 0,1
w 27,5 38 0,1 1
w 27 38,5 1 0,1
w 27,5 37 0,1 1
w 27,5 36 0,1 1
w 26,75 36,5 0,5 0,05
w 26,75 35,5 0,5 0,05
w 27,25 36,5 0,5 0,05
w 27,25 35,5 0,5 0,05
w 27,5 35 0,1 1
w 27 34,5 1 0,1
b 78
w 31,5 32 0,1 1
w 32 31,5 1 0,1
w 31,5 33 0,1 1
w 31,75 33,5 0,5 0,05
w 31,75 32,5 0,5 0,05
w 32,25 33,5 0,5 0,05
w 32,25 32,5 0,5 0,05
w 31,5 34 0,1 1
w 32 34,5 1 0,1
w 33 34,5 1 0,1
w 32,75 33,5 0,5 0,05
w 32,75 32,5 0,5 0,05
w 33,25 33,5 0,5 0,05
w 33,25 32,5 0,5 0,05
w 33 31,5 1 0,1
w 34,5 32 0,1 1
w 34 31,5 1 0,1
w 34,5 33 0,1 1
w 33,75 33,5 0,5 0,05
w 33,75 32,5 0,5 0,05
w 34,25 33,5 0,5 0,05
w 34,25 32,5 0,5 0,05
w 34,5 34 0,1 1
w 34 34,5 1 0,1
b 79
w 34,5 26 0,1 1
w 35 26,5 1 0,1
w 34,5 25 0,1 1
w 34,75 25,5 0,5 0,05
w 34,75 24,5 0,5 0,05
w 35,25 25,5 0,5 0,05
w 35,25 24,5 0,5 0,05
w 34,5 24 0,1 1
w 35 23,5 1 0,1
w 36 23,5 1 0,1
w 36,5 24,25 0,05 0,5
w 36,5 23,75 0,05 0,5
w 35,75 25,5 0,5 0,05
w 35,75 24,5 0,5 0,05
w 36,25 25,5 0,5 0,05
w 36,25 24,5 0,5 0,05
w 36 26,5 1 0,1
w 36,5 26,25 0,05 0,5
w 36,5 25,75 0,05 0,5
w 37 26,5 1 0,1
w 36,75 25,5 0,5 0,05
w 36,75 24,5 0,5 0,05
w 37,25 25,5 0,5 0,05
w 37,25 24,5 0,5 0,05
w 37 23,5 1 0,1
w 38,5 24 0,1 1
w 38 23,5 1 0,1
w 38,5 25 0,1 1
w 37,75 25,5 0,5 0,05
w 37,75 24,5 0,5 0,05
w 38,25 25,5 0,5 0,05
w 38,25 24,5 0,5 0,05
w 38,5 26 0,1 1
w 38 26,5 1 0,1
b 80
w 34,5 34 0,1 1
w 35 34,5 1 0,1
w 34,5 33 0,1 1
w 34,75 33,5 0,5 0,05
w 34,75 32,5 0,5 0,05
w 35,25 33,5 0,5 0,05
w 35,25 32,5 0,5 0,05
w 34,5 32 0,1 1
w 35 31,5 1 0,1
w 36 31,5 1 0,1
w 35,75 33,5 0,5 0,05
w 35,75 32,5 0,5 0,05
w 36,25 33,5 0,5 0,05
w 36,25 32,5 0,5 0,05
w 35,5 35 0,1 1
w 36 35,5 1 0,1
w 37 35,5 1 0,1
w 36,75 33,5 0,5 0,05
w 36,75 32,5 0,5 0,05
w 37,25 33,5 0,5 0,05
w 37,25 32,5 0,5 0,05
w 37 31,5 1 0,1
w 38,5 32 0,1 1
w 38 31,5 1 0,1
w 38,5 33 0,1 1
w 37,75 33,5 0,5 0,05
w 37,75 32,5 0,5 0,05
w 38,25 33,5 0,5 0,05
w 38,25 32,5 0,5 0,05
w 38,5 34 0,1 1
w 38,5 35 0,1 1
w 38 35,5 1 0,1
b 81
w 39,5 8 0,1 1
w 39,5 9 0,1 1
w 40 9,5 1 0,1
w 41 9,5 1 0,1
w 40,5 9,25 0,05 0,5
w 40,5 8,75 0,05 0,5
w 41,5 9,25 0,05 0,5
w 41,5 8,75 0,05 0,5
w 40,5 8,25 0,05 0,5
w 40,5 7,75 0,05 0,5
w 41,5 8,25 0,05 0,5
w 41,5 7,75 0,05 0,5
w 40,5 7,25 0,05 0,5
w 40,5 6,75 0,05 0,5
w 41,5 7,25 0,05 0,5
w 41,5 6,75 0,05 0,5
w 39,5 7 0,1 1
w 39,5 6 0,1 1
w 39,75 6,5 0,5 0,05
w 40,25 6,5 0,5 0,05
w 39,5 5 0,1 1
w 39,75 5,5 0,5 0,05
w 40,25 5,5 0,5 0,05
w 39,5 4 0,1 1
w 40 3,5 1 0,1
w 41 3,5 1 0,1
w 40,5 4,25 0,05 0,5
w 40,5 3,75 0,05 0,5
w 41,5 4,25 0,05 0,5
w 41,5 3,75 0,05 0,5
w 40,5 5,25 0,05 0,5
w 40,5 4,75 0,05 0,5
w 41,5 5,25 0,05 0,5
w 41,5 4,75 0,05 0,5
w 40,5 6,25 0,05 0,5
w 40,5 5,75 0,05 0,5
w 41,5 6,25 0,05 0,5
w 41,5 5,75 0,05 0,5
w 42,5 6 0,1 1
w 41,75 6,5 0,5 0,05
w 42,25 6,5 0,5 0,05
w 42,5 5 0,1 1
w 41,75 5,5 0,5 0,05
w 42,25 5,5 0,5 0,05
w 42,5 4 0,1 1
w 42 3,5 1 0,1
w 42,5 7 0,1 1
w 42 9,5 1 0,1
w 43,5 9 0,1 1
w 43 9,5 1 0,1
w 43,5 8 0,1 1
w 43 7,5 1 0,1
b 82
w 39,5 21 0,1 1
w 40 20,5 1 0,1
w 39,5 22 0,1 1
w 39,75 22,5 0,5 0,05
w 39,75 21,5 0,5 0,05
w 40,25 22,5 0,5 0,05
w 40,25 21,5 0,5 0,05
w 39,5 23 0,1 1
w 40 23,5 1 0,1
w 41 23,5 1 0,1
w 40,75 22,5 0,5 0,05
w 40,75 21,5 0,5 0,05
w 41,25 22,5 0,5 0,05
w 41,25 21,5 0,5 0,05
w 41 20,5 1 0,1
w 42,5 21 0,1 1
w 42 20,5 1 0,1
w 42,5 22 0,1 1
w 41,75 22,5 0,5 0,05
w 41,75 21,5 0,5 0,05
w 42,25 22,5 0,5 0,05
w 42,25 21,5 0,5 0,05
w 42,5 23 0,1 1
w 42 23,5 1 0,1
b 83
w 39,5 31 0,1 1
w 40 30,5 1 0,1
w 39,5 32 0,1 1
w 39,5 33 0,1 1
w 39,5 34 0,1 1
w 40 34,5 1 0,1
w 41 34,5 1 0,1
w 40,5 34,25 0,05 0,5
w 40,5 33,75 0,05 0,5
w 41,5 34,25 0,05 0,5
w 41,5 33,75 0,05 0,5
w 40,5 33,25 0,05 0,5
w 40,5 32,75 0,05 0,5
w 41,5 33,25 0,05 0,5
w 41,5 32,75 0,05 0,5
w 40,5 32,25 0,05 0,5
w 40,5 31,75 0,05 0,5
w 41,5 32,25 0,05 0,5
w 41,5 31,75 0,05 0,5
w 41 30,5 1 0,1
w 40,5 31,25 0,05 0,5
w 40,5 30,75 0,05 0,5
w 41,5 31,25 0,05 0,5
w 41,5 30,75 0,05 0,5
w 42,5 31 0,1 1
w 42 30,5 1 0,1
w 42,5 32 0,1 1
w 42,5 33 0,1 1
w 42,5 34 0,1 1
w 42 34,5 1 0,1
b 84
w 39,5 36 0,1 1
w 40 35,5 1 0,1
w 39,5 37 0,1 1
w 39,5 38 0,1 1
w 39,5 39 0,1 1
w 40 39,5 1 0,1
w 41 39,5 1 0,1
w 40,5 39,25 0,05 0,5
w 40,5 38,75 0,05 0,5
w 41,5 39,25 0,05 0,5
w 41,5 38,75 0,05 0,5
w 40,5 38,25 0,05 0,5
w 40,5 37,75 0,05 0,5
w 41,5 38,25 0,05 0,5
w 41,5 37,75 0,05 0,5
w 40,5 37,25 0,05 0,5
w 40,5 36,75 0,05 0,5
w 41,5 37,25 0,05 0,5
w 41,5 36,75 0,05 0,5
w 41 35,5 1 0,1
w 40,5 36,25 0,05 0,5
w 40,5 35,75 0,05 0,5
w 41,5 36,25 0,05 0,5
w 41,5 35,75 0,05 0,5
w 42,5 36 0,1 1
w 42 35,5 1 0,1
w 42,5 37 0,1 1
w 42,5 38 0,1 1
w 42,5 39 0,1 1
w 42 39,5 1 0,1
b 85
w 27,5 40 0,1 1
w 28 39,5 1 0,1
w 27,5 41 0,1 1
w 27,5 42 0,1 1
w 27,75 42,5 0,5 0,05
w 28,25 42,5 0,5 0,05
w 27,5 43 0,1 1
w 27,5 44 0,1 1
w 27,5 45 0,1 1
w 28 45,5 1 0,1
w 29 45,5 1 0,1
w 28,5 45,25 0,05 0,5
w 28,5 44,75 0,05 0,5
w 29,5 45,25 0,05 0,5
w 29,5 44,75 0,05 0,5
w 28,5 44,25 0,05 0,5
w 28,5 43,75 0,05 0,5
w 29,5 44,25 0,05 0,5
w 29,5 43,75 0,05 0,5
w 28,5 43,25 0,05 0,5
w 28,5 42,75 0,05 0,5
w 29,5 43,25 0,05 0,5
w 29,5 42,75 0,05 0,5
w 28,5 42,25 0,05 0,5
w 28,5 41,75 0,05 0,5
w 29,5 42,25 0,05 0,5
w 29,5 41,75 0,05 0,5
w 28,5 41,25 0,05 0,5
w 28,5 40,75 0,05 0,5
w 29,5 41,25 0,05 0,5
w 29,5 40,75 0,05 0,5
w 29 39,5 1 0,1
w 28,5 40,25 0,05 0,5
w 28,5 39,75 0,05 0,5
w 29,5 40,25 0,05 0,5
w 29,5 39,75 0,05 0,5
w 30 39,5 1 0,1
w 29,75 42,5 0,5 0,05
w 30,25 42,5 0,5 0,05
w 30,5 43 0,1 1
w 30,5 44 0,1 1
w 30,5 45 0,1 1
w 30 45,5 1 0,1
w 31,5 42 0,1 1
w 31 42,5 1 0,1
w 30,75 42,5 0,5 0,05
w 31,25 42,5 0,5 0,05
w 31,5 41 0,1 1
w 31,5 40 0,1 1
w 31 39,5 1 0,1
b 86
w 31,5 0 0,1 1
w 32 -0,5 1 0,1
w 31,5 1 0,1 1
w 31,75 1,5 0,5 0,05
w 31,75 0,5 0,5 0,05
w 32,25 1,5 0,5 0,05
w 32,25 0,5 0,5 0,05
w 31,5 2 0,1 1
w 31,5 3 0,1 1
w 32 3,5 1 0,1
w 33 3,5 1 0,1
w 32,75 1,5 0,5 0,05
w 32,75 0,5 0,5 0,05
w 33,25 1,5 0,5 0,05
w 33,25 0,5 0,5 0,05
w 33 -0,5 1 0,1
w 34 -0,5 1 0,1
w 33,75 1,5 0,5 0,05
w 33,75 0,5 0,5 0,05
w 34,25 1,5 0,5 0,05
w 34,25 0,5 0,5 0,05
w 34 3,5 1 0,1
w 35,5 3 0,1 1
w 35 3,5 1 0,1
w 35,5 2 0,1 1
w 35,5 1 0,1 1
w 34,75 1,5 0,5 0,05
w 34,75 0,5 0,5 0,05
w 35,25 1,5 0,5 0,05
w 35,25 0,5 0,5 0,05
w 35,5 0 0,1 1
w 35 -0,5 1 0,1
b 87
w 3,5 37 0,1 1
w 4 36,5 1 0,1
w 3,5 38 0,1 1
w 3,5 39 0,1 1
w 3,5 40 0,1 1
w 3,5 41 0,1 1
w 3,5 42 0,1 1
w 4 42,5 1 0,1
w 5 42,5 1 0,1
w 4,5 42,25 0,05 0,5
w 4,5 41,75 0,05 0,5
w 5,5 42,25 0,05 0,5
w 5,5 41,75 0,05 0,5
w 4,5 41,25 0,05 0,5
w 4,5 40,75 0,05 0,5
w 5,5 41,25 0,05 0,5
w 5,5 40,75 0,05 0,5
w 4,5 40,25 0,05 0,5
w 4,5 39,75 0,05 0,5
w 5,5 40,25 0,05 0,5
w 5,5 39,75 0,05 0,5
w 4,5 39,25 0,05 0,5
w 4,5 38,75 0,05 0,5
w 5,5 39,25 0,05 0,5
w 5,5 38,75 0,05 0,5
w 4,5 38,25 0,05 0,5
w 4,5 37,75 0,05 0,5
w 5,5 38,25 0,05 0,5
w 5,5 37,75 0,05 0,5
w 5 36,5 1 0,1
w 4,5 37,25 0,05 0,5
w 4,5 36,75 0,05 0,5
w 5,5 37,25 0,05 0,5
w 5,5 36,75 0,05 0,5
w 6,5 37 0,1 1
w 6 36,5 1 0,1
w 6,5 38 0,1 1
w 6,5 39 0,1 1
w 6,5 40 0,1 1
w 6,5 41 0,1 1
w 6,5 42 0,1 1
w 6 42,5 1 0,1
b 88
w 6,5 24 0,1 1
w 7 24,5 1 0,1
w 7 23,5 1 0,1
w 8 24,5 1 0,1
w 9 24,5 1 0,1
w 7,5 23 0,1 1
w 7,5 22 0,1 1
w 7,75 22,5 0,5 0,05
w 7,75 21,5 0,5 0,05
w 8,25 22,5 0,5 0,05
w 8,25 21,5 0,5 0,05
w 7,5 21 0,1 1
w 7,5 20 0,1 1
w 8 19,5 1 0,1
w 9 19,5 1 0,1
w 8,75 22,5 0,5 0,05
w 8,75 21,5 0,5 0,05
w 9,25 22,5 0,5 0,05
w 9,25 21,5 0,5 0,05
w 9,75 22,5 0,5 0,05
w 9,75 21,5 0,5 0,05
w 10,25 22,5 0,5 0,05
w 10,25 21,5 0,5 0,05
w 10 24,5 1 0,1
w 11 24,5 1 0,1
w 10,75 22,5 0,5 0,05
w 10,75 21,5 0,5 0,05
w 11,25 22,5 0,5 0,05
w 11,25 21,5 0,5 0,05
w 10 19,5 1 0,1
w 11 19,5 1 0,1
w 12,5 20 0,1 1
w 12 19,5 1 0,1
w 12,5 21 0,1 1
w 12,5 22 0,1 1
w 11,75 22,5 0,5 0,05
w 11,75 21,5 0,5 0,05
w 12,25 22,5 0,5 0,05
w 12,25 21,5 0,5 0,05
w 12,5 23 0,1 1
w 12,5 24 0,1 1
w 12 24,5 1 0,1
b 89
w 7,5 32 0,1 1
w 8 32,5 1 0,1
w 8 31,5 1 0,1
w 9 32,5 1 0,1
w 9 31,5 1 0,1
w 10 32,5 1 0,1
w 10 31,5 1 0,1
w 10,5 32,25 0,05 0,5
w 10,5 31,75 0,05 0,5
w 11 32,5 1 0,1
w 11 31,5 1 0,1
w 12,5 32 0,1 1
w 12 32,5 1 0,1
w 12 31,5 1 0,1
w 6,5 30 0,1 1
w 7 30,5 1 0,1
w 6,75 30,5 0,5 0,05
w 6,75 29,5 0,5 0,05
w 7,25 30,5 0,5 0,05
w 7,25 29,5 0,5 0,05
w 6,5 29 0,1 1
w 7 28,5 1 0,1
w 8 28,5 1 0,1
w 8 30,5 1 0,1
w 7,75 30,5 0,5 0,05
w 7,75 29,5 0,5 0,05
w 8,25 30,5 0,5 0,05
w 8,25 29,5 0,5 0,05
w 9 30,5 1 0,1
w 8,75 30,5 0,5 0,05
w 8,75 29,5 0,5 0,05
w 9,25 30,5 0,5 0,05
w 9,25 29,5 0,5 0,05
w 9 28,5 1 0,1
w 10 28,5 1 0,1
w 10,5 29,25 0,05 0,5
w 10,5 28,75 0,05 0,5
w 10 30,5 1 0,1
w 9,75 30,5 0,5 0,05
w 9,75 29,5 0,5 0,05
w 10,25 30,5 0,5 0,05
w 10,25 29,5 0,5 0,05
w 11 30,5 1 0,1
w 10,75 30,5 0,5 0,05
w 10,75 29,5 0,5 0,05
w 11,25 30,5 0,5 0,05
w 11,25 29,5 0,5 0,05
w 11 28,5 1 0,1
w 12,5 29 0,1 1
w 12 28,5 1 0,1
w 12,5 30 0,1 1
w 12 30,5 1 0,1
w 11,75 30,5 0,5 0,05
w 11,75 29,5 0,5 0,05
w 12,25 30,5 0,5 0,05
w 12,25 29,5 0,5 0,05
b 90
w 6,5 36 0,1 1
w 7 36,5 1 0,1
w 7 35,5 1 0,1
w 8 36,5 1 0,1
w 9 36,5 1 0,1
w 7,5 35 0,1 1
w 7,5 34 0,1 1
w 7,75 34,5 0,5 0,05
w 7,75 33,5 0,5 0,05
w 8,25 34,5 0,5 0,05
w 8,25 33,5 0,5 0,05
w 7,5 33 0,1 1
w 8 32,5 1 0,1
w 9 32,5 1 0,1
w 8,75 34,5 0,5 0,05
w 8,75 33,5 0,5 0,05
w 9,25 34,5 0,5 0,05
w 9,25 33,5 0,5 0,05
w 9,75 34,5 0,5 0,05
w 9,75 33,5 0,5 0,05
w 10,25 34,5 0,5 0,05
w 10,25 33,5 0,5 0,05
w 10 36,5 1 0,1
w 11 36,5 1 0,1
w 10,75 34,5 0,5 0,05
w 10,75 33,5 0,5 0,05
w 11,25 34,5 0,5 0,05
w 11,25 33,5 0,5 0,05
w 11 32,5 1 0,1
w 10 32,5 1 0,1
w 12,5 33 0,1 1
w 12 32,5 1 0,1
w 12,5 34 0,1 1
w 11,75 34,5 0,5 0,05
w 11,75 33,5 0,5 0,05
w 12,25 34,5 0,5 0,05
w 12,25 33,5 0,5 0,05
w 12,5 35 0,1 1
w 12,5 36 0,1 1
w 12 36,5 1 0,1
b 91
w 12,5 25 0,1 1
w 13 25,5 1 0,1
w 12,5 24 0,1 1
w 12,5 23 0,1 1
w 12,5 22 0,1 1
w 12,5 21 0,1 1
w 12,75 21,5 0,5 0,05
w 13,25 21,5 0,5 0,05
w 12,5 20 0,1 1
w 13 19,5 1 0,1
w 14 19,5 1 0,1
w 13,75 21,5 0,5 0,05
w 14,25 21,5 0,5 0,05
w 14 25,5 1 0,1
w 15 25,5 1 0,1
w 14,5 25,25 0,05 0,5
w 14,5 24,75 0,05 0,5
w 15,5 25,25 0,05 0,5
w 15,5 24,75 0,05 0,5
w 14,5 24,25 0,05 0,5
w 14,5 23,75 0,05 0,5
w 15,5 24,25 0,05 0,5
w 15,5 23,75 0,05 0,5
w 14,5 23,25 0,05 0,5
w 14,5 22,75 0,05 0,5
w 15,5 23,25 0,05 0,5
w 15,5 22,75 0,05 0,5
w 14,5 22,25 0,05 0,5
w 14,5 21,75 0,05 0,5
w 15,5 22,25 0,05 0,5
w 15,5 21,75 0,05 0,5
w 14,5 21,25 0,05 0,5
w 14,5 20,75 0,05 0,5
w 15,5 21,25 0,05 0,5
w 15,5 20,75 0,05 0,5
w 15 19,5 1 0,1
w 14,5 20,25 0,05 0,5
w 14,5 19,75 0,05 0,5
w 15,5 20,25 0,05 0,5
w 15,5 19,75 0,05 0,5
w 16 19,5 1 0,1
w 15,75 21,5 0,5 0,05
w 16,25 21,5 0,5 0,05
w 16 25,5 1 0,1
w 17,5 25 0,1 1
w 17 25,5 1 0,1
w 17,5 24 0,1 1
w 17,5 23 0,1 1
w 17,5 22 0,1 1
w 17,5 21 0,1 1
w 16,75 21,5 0,5 0,05
w 17,25 21,5 0,5 0,05
w 17,5 20 0,1 1
w 17 19,5 1 0,1
b 92
w 19,5 38 0,1 1
w 20 37,5 1 0,1
w 19,5 39 0,1 1
w 19,75 39,5 0,5 0,05
w 20,25 39,5 0,5 0,05
w 19,5 40 0,1 1
w 19,5 41 0,1 1
w 19,5 42 0,1 1
w 20 42,5 1 0,1
w 21 42,5 1 0,1
w 20,5 42,25 0,05 0,5
w 20,5 41,75 0,05 0,5
w 21,5 42,25 0,05 0,5
w 21,5 41,75 0,05 0,5
w 20,5 41,25 0,05 0,5
w 20,5 40,75 0,05 0,5
w 21,5 41,25 0,05 0,5
w 21,5 40,75 0,05 0,5
w 20,5 40,25 0,05 0,5
w 20,5 39,75 0,05 0,5
w 21,5 40,25 0,05 0,5
w 21,5 39,75 0,05 0,5
w 20,5 39,25 0,05 0,5
w 20,5 38,75 0,05 0,5
w 21,5 39,25 0,05 0,5
w 21,5 38,75 0,05 0,5
w 21 37,5 1 0,1
w 20,5 38,25 0,05 0,5
w 20,5 37,75 0,05 0,5
w 21,5 38,25 0,05 0,5
w 21,5 37,75 0,05 0,5
w 22 37,5 1 0,1
w 22,5 39 0,1 1
w 21,75 39,5 0,5 0,05
w 22,25 39,5 0,5 0,05
w 22,5 40 0,1 1
w 22,5 41 0,1 1
w 22,5 42 0,1 1
w 22 42,5 1 0,1
w 23,5 38 0,1 1
w 23 38,5 1 0,1
w 23 37,5 1 0,1
b 93
w 23,5 21 0,1 1
w 24 20,5 1 0,1
w 23,5 22 0,1 1
w 23,75 22,5 0,5 0,05
w 23,75 21,5 0,5 0,05
w 24,25 22,5 0,5 0,05
w 24,25 21,5 0,5 0,05
w 23,5 23 0,1 1
w 23,5 24 0,1 1
w 24 24,5 1 0,1
w 25 24,5 1 0,1
w 24,75 22,5 0,5 0,05
w 24,75 21,5 0,5 0,05
w 25,25 22,5 0,5 0,05
w 25,25 21,5 0,5 0,05
w 25 20,5 1 0,1
w 26 20,5 1 0,1
w 25,75 22,5 0,5 0,05
w 25,75 21,5 0,5 0,05
w 26,25 22,5 0,5 0,05
w 26,25 21,5 0,5 0,05
w 26,5 23 0,1 1
w 26,5 24 0,1 1
w 26 24,5 1 0,1
w 27,5 22 0,1 1
w 27 22,5 1 0,1
w 26,75 22,5 0,5 0,05
w 26,75 21,5 0,5 0,05
w 27,25 22,5 0,5 0,05
w 27,25 21,5 0,5 0,05
w 27,5 21 0,1 1
w 27 20,5 1 0,1
b 94
w 23,5 26 0,1 1
w 23,5 27 0,1 1
w 23,5 28 0,1 1
w 23,5 29 0,1 1
w 24 29,5 1 0,1
w 25 29,5 1 0,1
w 24,5 29,25 0,05 0,5
w 24,5 28,75 0,05 0,5
w 25,5 29,25 0,05 0,5
w 25,5 28,75 0,05 0,5
w 24,5 28,25 0,05 0,5
w 24,5 27,75 0,05 0,5
w 25,5 28,25 0,05 0,5
w 25,5 27,75 0,05 0,5
w 24,5 27,25 0,05 0,5
w 24,5 26,75 0,05 0,5
w 25,5 27,25 0,05 0,5
w 25,5 26,75 0,05 0,5
w 24,5 26,25 0,05 0,5
w 24,5 25,75 0,05 0,5
w 25,5 26,25 0,05 0,5
w 25,5 25,75 0,05 0,5
w 25 24,5 1 0,1
w 24,5 25,25 0,05 0,5
w 24,5 24,75 0,05 0,5
w 25,5 25,25 0,05 0,5
w 25,5 24,75 0,05 0,5
w 23,5 25 0,1 1
w 24 24,5 1 0,1
w 26,5 25 0,1 1
w 26 24,5 1 0,1
w 26,5 26 0,1 1
w 26,5 27 0,1 1
w 26 29,5 1 0,1
w 27,5 29 0,1 1
w 27 29,5 1 0,1
w 27,5 28 0,1 1
w 27 27,5 1 0,1
b 95
w 23,5 30 0,1 1
w 24 29,5 1 0,1
w 23,5 31 0,1 1
w 23,5 32 0,1 1
w 23,75 32,5 0,5 0,05
w 24,25 32,5 0,5 0,05
w 23,5 34 0,1 1
w 24 34,5 1 0,1
w 25 34,5 1 0,1
w 24,5 34,25 0,05 0,5
w 24,5 33,75 0,05 0,5
w 25,5 34,25 0,05 0,5
w 25,5 33,75 0,05 0,5
w 24,5 33,25 0,05 0,5
w 24,5 32,75 0,05 0,5
w 25,5 33,25 0,05 0,5
w 25,5 32,75 0,05 0,5
w 23,5 33 0,1 1
w 24,5 32,25 0,05 0,5
w 24,5 31,75 0,05 0,5
w 25,5 32,25 0,05 0,5
w 25,5 31,75 0,05 0,5
w 24,5 31,25 0,05 0,5
w 24,5 30,75 0,05 0,5
w 25,5 31,25 0,05 0,5
w 25,5 30,75 0,05 0,5
w 25 29,5 1 0,1
w 24,5 30,25 0,05 0,5
w 24,5 29,75 0,05 0,5
w 25,5 30,25 0,05 0,5
w 25,5 29,75 0,05 0,5
w 26 29,5 1 0,1
w 25,75 32,5 0,5 0,05
w 26,25 32,5 0,5 0,05
w 26 34,5 1 0,1
w 27,5 34 0,1 1
w 27 34,5 1 0,1
w 27,5 33 0,1 1
w 27,5 32 0,1 1
w 26,75 32,5 0,5 0,05
w 27,25 32,5 0,5 0,05
w 27,5 31 0,1 1
w 27,5 30 0,1 1
w 27 29,5 1 0,1
b 96
w 27,5 35 0,1 1
w 28 34,5 1 0,1
w 27,5 36 0,1 1
w 27,75 36,5 0,5 0,05
w 28,25 36,5 0,5 0,05
w 27,5 37 0,1 1
w 27,5 38 0,1 1
w 28 38,5 1 0,1
w 29 38,5 1 0,1
w 28,5 38,25 0,05 0,5
w 28,5 37,75 0,05 0,5
w 29,5 38,25 0,05 0,5
w 29,5 37,75 0,05 0,5
w 28,5 37,25 0,05 0,5
w 28,5 36,75 0,05 0,5
w 29,5 37,25 0,05 0,5
w 29,5 36,75 0,05 0,5
w 28,5 36,25 0,05 0,5
w 28,5 35,75 0,05 0,5
w 29,5 36,25 0,05 0,5
w 29,5 35,75 0,05 0,5
w 29 34,5 1 0,1
w 28,5 35,25 0,05 0,5
w 28,5 34,75 0,05 0,5
w 29,5 35,25 0,05 0,5
w 29,5 34,75 0,05 0,5
w 30,5 35 0,1 1
w 30 34,5 1 0,1
w 30,5 36 0,1 1
w 29,75 36,5 0,5 0,05
w 30,25 36,5 0,5 0,05
w 30,5 37 0,1 1
w 30,5 38 0,1 1
w 30 38,5 1 0,1
b 97
w 31,5 24 0,1 1
w 32 23,5 1 0,1
w 31,5 25 0,1 1
w 31,5 26 0,1 1
w 31,5 27 0,1 1
w 32 27,5 1 0,1
w 33 27,5 1 0,1
w 32,5 27,25 0,05 0,5
w 32,5 26,75 0,05 0,5
w 33,5 27,25 0,05 0,5
w 33,5 26,75 0,05 0,5
w 32,5 26,25 0,05 0,5
w 32,5 25,75 0,05 0,5
w 33,5 26,25 0,05 0,5
w 33,5 25,75 0,05 0,5
w 32,5 25,25 0,05 0,5
w 32,5 24,75 0,05 0,5
w 33,5 25,25 0,05 0,5
w 33,5 24,75 0,05 0,5
w 33 23,5 1 0,1
w 32,5 24,25 0,05 0,5
w 32,5 23,75 0,05 0,5
w 33,5 24,25 0,05 0,5
w 33,5 23,75 0,05 0,5
w 34,5 24 0,1 1
w 34 23,5 1 0,1
w 34,5 25 0,1 1
w 34,5 26 0,1 1
w 34,5 27 0,1 1
w 34 27,5 1 0,1
b 98
w 31,5 28 0,1 1
w 32 27,5 1 0,1
w 31,5 29 0,1 1
w 31,75 29,5 0,5 0,05
w 31,75 28,5 0,5 0,05
w 32,25 29,5 0,5 0,05
w 32,25 28,5 0,5 0,05
w 31,5 30 0,1 1
w 32 30,5 1 0,1
w 33 30,5 1 0,1
w 32,75 29,5 0,5 0,05
w 32,75 28,5 0,5 0,05
w 33,25 29,5 0,5 0,05
w 33,25 28,5 0,5 0,05
w 33 27,5 1 0,1
w 34,5 28 0,1 1
w 34 27,5 1 0,1
w 34,5 29 0,1 1
w 33,75 29,5 0,5 0,05
w 33,75 28,5 0,5 0,05
w 34,25 29,5 0,5 0,05
w 34,25 28,5 0,5 0,05
w 34,5 30 0,1 1
w 34 30,5 1 0,1
b 99
w 34,5 14 0,1 1
w 35 14,5 1 0,1
w 34,5 13 0,1 1
w 34,75 13,5 0,5 0,05
w 34,75 12,5 0,5 0,05
w 35,25 13,5 0,5 0,05
w 35,25 12,5 0,5 0,05
w 34,5 12 0,1 1
w 35 11,5 1 0,1
w 36 11,5 1 0,1
w 36,5 12,25 0,05 0,5
w 36,5 11,75 0,05 0,5
w 35,75 13,5 0,5 0,05
w 35,75 12,5 0,5 0,05
w 36,25 13,5 0,5 0,05
w 36,25 12,5 0,5 0,05
w 36 14,5 1 0,1
w 36,5 14,25 0,05 0,5
w 36,5 13,75 0,05 0,5
w 37 14,5 1 0,1
w 36,75 13,5 0,5 0,05
w 36,75 12,5 0,5 0,05
w 37,25 13,5 0,5 0,05
w 37,25 12,5 0,5 0,05
w 37 11,5 1 0,1
w 38 11,5 1 0,1
w 37,75 13,5 0,5 0,05
w 37,75 12,5 0,5 0,05
w 38,25 13,5 0,5 0,05
w 38,25 12,5 0,5 0,05
w 38 14,5 1 0,1
w 39,5 14 0,1 1
w 39 14,5 1 0,1
w 39,5 13 0,1 1
w 38,75 13,5 0,5 0,05
w 38,75 12,5 0,5 0,05
w 39,25 13,5 0,5 0,05
w 39,25 12,5 0,5 0,05
w 39,5 12 0,1 1
w 39 11,5 1 0,1
b 100
w 39,5 14 0,1 1
w 40 13,5 1 0,1
w 39,5 15 0,1 1
w 39,75 15,5 0,5 0,05
w 39,75 14,5 0,5 0,05
w 40,25 15,5 0,5 0,05
w 40,25 14,5 0,5 0,05
w 39,5 16 0,1 1
w 40 16,5 1 0,1
w 41 16,5 1 0,1
w 40,75 15,5 0,5 0,05
w 40,75 14,5 0,5 0,05
w 41,25 15,5 0,5 0,05
w 41,25 14,5 0,5 0,05
w 41 13,5 1 0,1
w 42,5 14 0,1 1
w 42 13,5 1 0,1
w 42,5 15 0,1 1
w 41,75 15,5 0,5 0,05
w 41,75 14,5 0,5 0,05
w 42,25 15,5 0,5 0,05
w 42,25 14,5 0,5 0,05
w 42,5 16 0,1 1
w 42 16,5 1 0,1
b 101
w 39,5 17 0,1 1
w 40 16,5 1 0,1
w 39,5 18 0,1 1
w 39,5 19 0,1 1
w 39,5 20 0,1 1
w 40 20,5 1 0,1
w 41 20,5 1 0,1
w 40,5 20,25 0,05 0,5
w 40,5 19,75 0,05 0,5
w 41,5 20,25 0,05 0,5
w 41,5 19,75 0,05 0,5
w 40,5 19,25 0,05 0,5
w 40,5 18,75 0,05 0,5
w 41,5 19,25 0,05 0,5
w 41,5 18,75 0,05 0,5
w 40,5 18,25 0,05 0,5
w 40,5 17,75 0,05 0,5
w 41,5 18,25 0,05 0,5
w 41,5 17,75 0,05 0,5
w 41 16,5 1 0,1
w 40,5 17,25 0,05 0,5
w 40,5 16,75 0,05 0,5
w 41,5 17,25 0,05 0,5
w 41,5 16,75 0,05 0,5
w 42,5 17 0,1 1
w 42 16,5 1 0,1
w 42,5 18 0,1 1
w 42,5 19 0,1 1
w 42,5 20 0,1 1
w 42 20,5 1 0,1
b 102
w 39,5 28 0,1 1
w 40 27,5 1 0,1
w 39,5 29 0,1 1
w 39,75 29,5 0,5 0,05
w 39,75 28,5 0,5 0,05
w 40,25 29,5 0,5 0,05
w 40,25 28,5 0,5 0,05
w 39,5 30 0,1 1
w 40 30,5 1 0,1
w 41 30,5 1 0,1
w 40,75 29,5 0,5 0,05
w 40,75 28,5 0,5 0,05
w 41,25 29,5 0,5 0,05
w 41,25 28,5 0,5 0,05
w 41 27,5 1 0,1
w 42,5 28 0,1 1
w 42 27,5 1 0,1
w 42,5 29 0,1 1
w 41,75 29,5 0,5 0,05
w 41,75 28,5 0,5 0,05
w 42,25 29,5 0,5 0,05
w 42,25 28,5 0,5 0,05
w 42,5 30 0,1 1
w 42 30,5 1 0,1
b 103
w -0,5 28 0,1 1
w 0 27,5 1 0,1
w -0,5 29 0,1 1
w -0,25 29,5 0,5 0,05
w -0,25 28,5 0,5 0,05
w 0,25 29,5 0,5 0,05
w 0,25 28,5 0,5 0,05
w -0,5 30 0,1 1
w 0 30,5 1 0,1
w 1 30,5 1 0,1
w 0,75 29,5 0,5 0,05
w 0,75 28,5 0,5 0,05
w 1,25 29,5 0,5 0,05
w 1,25 28,5 0,5 0,05
w 1 27,5 1 0,1
w 2 27,5 1 0,1
w 1,75 29,5 0,5 0,05
w 1,75 28,5 0,5 0,05
w 2,25 29,5 0,5 0,05
w 2,25 28,5 0,5 0,05
w 2 30,5 1 0,1
w 3,5 30 0,1 1
w 3 30,5 1 0,1
w 3,5 29 0,1 1
w 2,75 29,5 0,5 0,05
w 2,75 28,5 0,5 0,05
w 3,25 29,5 0,5 0,05
w 3,25 28,5 0,5 0,05
w 3,5 28 0,1 1
w 3 27,5 1 0,1
b 104
w 3,5 33 0,1 1
w 4 32,5 1 0,1
w 3,5 34 0,1 1
w 3,75 34,5 0,5 0,05
w 4,25 34,5 0,5 0,05
w 3,5 35 0,1 1
w 3,5 36 0,1 1
w 4 36,5 1 0,1
w 5 36,5 1 0,1
w 4,5 36,25 0,05 0,5
w 4,5 35,75 0,05 0,5
w 5,5 36,25 0,05 0,5
w 5,5 35,75 0,05 0,5
w 4,5 35,25 0,05 0,5
w 4,5 34,75 0,05 0,5
w 5,5 35,25 0,05 0,5
w 5,5 34,75 0,05 0,5
w 4,5 34,25 0,05 0,5
w 4,5 33,75 0,05 0,5
w 5,5 34,25 0,05 0,5
w 5,5 33,75 0,05 0,5
w 5 32,5 1 0,1
w 4,5 33,25 0,05 0,5
w 4,5 32,75 0,05 0,5
w 5,5 33,25 0,05 0,5
w 5,5 32,75 0,05 0,5
w 6,5 33 0,1 1
w 6 32,5 1 0,1
w 6,5 34 0,1 1
w 5,75 34,5 0,5 0,05
w 6,25 34,5 0,5 0,05
w 6,5 35 0,1 1
w 6,5 36 0,1 1
w 6 36,5 1 0,1
b 105
w 6,5 28 0,1 1
w 7 28,5 1 0,1
w 6,5 27 0,1 1
w 6,5 26 0,1 1
w 6,75 26,5 0,5 0,05
w 6,75 25,5 0,5 0,05
w 7,25 26,5 0,5 0,05
w 7,25 25,5 0,5 0,05
w 6,5 25 0,1 1
w 7 24,5 1 0,1
w 8 24,5 1 0,1
w 7,75 26,5 0,5 0,05
w 7,75 25,5 0,5 0,05
w 8,25 26,5 0,5 0,05
w 8,25 25,5 0,5 0,05
w 8 28,5 1 0,1
w 9 28,5 1 0,1
w 8,75 26,5 0,5 0,05
w 8,75 25,5 0,5 0,05
w 9,25 26,5 0,5 0,05
w 9,25 25,5 0,5 0,05
w 9 24,5 1 0,1
w 10 24,5 1 0,1
w 9,75 26,5 0,5 0,05
w 9,75 25,5 0,5 0,05
w 10,25 26,5 0,5 0,05
w 10,25 25,5 0,5 0,05
w 10 28,5 1 0,1
w 11 28,5 1 0,1
w 10,75 26,5 0,5 0,05
w 10,75 25,5 0,5 0,05
w 11,25 26,5 0,5 0,05
w 11,25 25,5 0,5 0,05
w 11 24,5 1 0,1
w 12,5 25 0,1 1
w 12 24,5 1 0,1
w 12,5 26 0,1 1
w 11,75 26,5 0,5 0,05
w 11,75 25,5 0,5 0,05
w 12,25 26,5 0,5 0,05
w 12,25 25,5 0,5 0,05
w 12,5 27 0,1 1
w 12,5 28 0,1 1
w 12 28,5 1 0,1
b 106
w 19,5 16 0,1 1
w 20 15,5 1 0,1
w 19,5 17 0,1 1
w 19,75 17,5 0,5 0,05
w 19,75 16,5 0,5 0,05
w 20,25 17,5 0,5 0,05
w 20,25 16,5 0,5 0,05
w 19,5 18 0,1 1
w 20 18,5 1 0,1
w 21 18,5 1 0,1
w 20,75 17,5 0,5 0,05
w 20,75 16,5 0,5 0,05
w 21,25 17,5 0,5 0,05
w 21,25 16,5 0,5 0,05
w 21 15,5 1 0,1
w 22 15,5 1 0,1
w 21,75 17,5 0,5 0,05
w 21,75 16,5 0,5 0,05
w 22,25 17,5 0,5 0,05
w 22,25 16,5 0,5 0,05
w 22 18,5 1 0,1
w 23,5 18 0,1 1
w 23 18,5 1 0,1
w 23,5 17 0,1 1
w 22,75 17,5 0,5 0,05
w 22,75 16,5 0,5 0,05
w 23,25 17,5 0,5 0,05
w 23,25 16,5 0,5 0,05
w 23,5 16 0,1 1
w 23 15,5 1 0,1
b 107
w 23,5 24 0,1 1
w 23 23,5 1 0,1
w 23,5 25 0,1 1
w 22,75 25,5 0,5 0,05
w 22,75 24,5 0,5 0,05
w 23,25 25,5 0,5 0,05
w 23,25 24,5 0,5 0,05
w 21,75 25,5 0,5 0,05
w 21,75 24,5 0,5 0,05
w 22,25 25,5 0,5 0,05
w 22,25 24,5 0,5 0,05
w 22 26,5 1 0,1
w 21 26,5 1 0,1
w 20,75 25,5 0,5 0,05
w 20,75 24,5 0,5 0,05
w 21,25 25,5 0,5 0,05
w 21,25 24,5 0,5 0,05
w 21 23,5 1 0,1
w 19,5 24 0,1 1
w 20 23,5 1 0,1
w 19,5 25 0,1 1
w 19,75 25,5 0,5 0,05
w 19,75 24,5 0,5 0,05
w 20,25 25,5 0,5 0,05
w 20,25 24,5 0,5 0,05
w 19,5 26 0,1 1
w 20 26,5 1 0,1
w 22 23,5 1 0,1
w 23,5 26 0,1 1
w 23 26,5 1 0,1
b 108
w 23,5 32 0,1 1
w 23 31,5 1 0,1
w 23,5 33 0,1 1
w 22,75 33,5 0,5 0,05
w 23,25 33,5 0,5 0,05
w 21,75 33,5 0,5 0,05
w 22,25 33,5 0,5 0,05
w 20,5 34,25 0,05 0,5
w 20,5 33,75 0,05 0,5
w 21,5 34,25 0,05 0,5
w 21,5 33,75 0,05 0,5
w 20,5 35,25 0,05 0,5
w 20,5 34,75 0,05 0,5
w 21,5 35,25 0,05 0,5
w 21,5 34,75 0,05 0,5
w 19,5 35 0,1 1
w 19,5 34 0,1 1
w 19,5 33 0,1 1
w 19,75 33,5 0,5 0,05
w 20,25 33,5 0,5 0,05
w 19,5 32 0,1 1
w 20 31,5 1 0,1
w 21 31,5 1 0,1
w 20,5 32,25 0,05 0,5
w 20,5 31,75 0,05 0,5
w 21,5 32,25 0,05 0,5
w 21,5 31,75 0,05 0,5
w 20,5 33,25 0,05 0,5
w 20,5 32,75 0,05 0,5
w 21,5 33,25 0,05 0,5
w 21,5 32,75 0,05 0,5
w 22 31,5 1 0,1
w 19,5 36 0,1 1
w 19,5 37 0,1 1
w 20 37,5 1 0,1
w 21 37,5 1 0,1
w 20,5 37,25 0,05 0,5
w 20,5 36,75 0,05 0,5
w 21,5 37,25 0,05 0,5
w 21,5 36,75 0,05 0,5
w 20,5 36,25 0,05 0,5
w 20,5 35,75 0,05 0,5
w 21,5 36,25 0,05 0,5
w 21,5 35,75 0,05 0,5
w 22 37,5 1 0,1
w 23,5 37 0,1 1
w 23 37,5 1 0,1
w 23,5 36 0,1 1
w 23,5 35 0,1 1
w 23,5 34 0,1 1
b 109
w 23,5 9 0,1 1
w 24 9,5 1 0,1
w 23,5 8 0,1 1
w 23,5 7 0,1 1
w 23,5 6 0,1 1
w 23,5 5 0,1 1
w 23,75 5,5 0,5 0,05
w 24,25 5,5 0,5 0,05
w 23,5 4 0,1 1
w 24 3,5 1 0,1
w 25 3,5 1 0,1
w 24,5 4,25 0,05 0,5
w 24,5 3,75 0,05 0,5
w 25,5 4,25 0,05 0,5
w 25,5 3,75 0,05 0,5
w 24,5 5,25 0,05 0,5
w 24,5 4,75 0,05 0,5
w 25,5 5,25 0,05 0,5
w 25,5 4,75 0,05 0,5
w 24,5 6,25 0,05 0,5
w 24,5 5,75 0,05 0,5
w 25,5 6,25 0,05 0,5
w 25,5 5,75 0,05 0,5
w 24,5 7,25 0,05 0,5
w 24,5 6,75 0,05 0,5
w 25,5 7,25 0,05 0,5
w 25,5 6,75 0,05 0,5
w 24,5 8,25 0,05 0,5
w 24,5 7,75 0,05 0,5
w 25,5 8,25 0,05 0,5
w 25,5 7,75 0,05 0,5
w 25 9,5 1 0,1
w 24,5 9,25 0,05 0,5
w 24,5 8,75 0,05 0,5
w 25,5 9,25 0,05 0,5
w 25,5 8,75 0,05 0,5
w 27,5 9 0,1 1
w 27 9,5 1 0,1
w 26 9,5 1 0,1
w 25,75 5,5 0,5 0,05
w 26,25 5,5 0,5 0,05
w 26 3,5 1 0,1
w 27,5 4 0,1 1
w 27 3,5 1 0,1
w 27,5 5 0,1 1
w 26,75 5,5 0,5 0,05
w 27,25 5,5 0,5 0,05
w 27,5 6 0,1 1
w 27,5 7 0,1 1
w 27,5 8 0,1 1
b 110
w 23,5 15 0,1 1
w 24 14,5 1 0,1
w 23,5 16 0,1 1
w 23,5 17 0,1 1
w 23,5 18 0,1 1
w 23,5 19 0,1 1
w 23,5 20 0,1 1
w 24 20,5 1 0,1
w 25 20,5 1 0,1
w 24,5 20,25 0,05 0,5
w 24,5 19,75 0,05 0,5
w 25,5 20,25 0,05 0,5
w 25,5 19,75 0,05 0,5
w 24,5 19,25 0,05 0,5
w 24,5 18,75 0,05 0,5
w 25,5 19,25 0,05 0,5
w 25,5 18,75 0,05 0,5
w 24,5 18,25 0,05 0,5
w 24,5 17,75 0,05 0,5
w 25,5 18,25 0,05 0,5
w 25,5 17,75 0,05 0,5
w 24,5 17,25 0,05 0,5
w 24,5 16,75 0,05 0,5
w 25,5 17,25 0,05 0,5
w 25,5 16,75 0,05 0,5
w 24,5 16,25 0,05 0,5
w 24,5 15,75 0,05 0,5
w 25,5 16,25 0,05 0,5
w 25,5 15,75 0,05 0,5
w 25 14,5 1 0,1
w 24,5 15,25 0,05 0,5
w 24,5 14,75 0,05 0,5
w 25,5 15,25 0,05 0,5
w 25,5 14,75 0,05 0,5
w 26 14,5 1 0,1
w 26 20,5 1 0,1
w 27,5 20 0,1 1
w 27 20,5 1 0,1
w 27,5 19 0,1 1
w 27,5 18 0,1 1
w 27,5 17 0,1 1
w 27,5 16 0,1 1
w 27,5 15 0,1 1
w 27 14,5 1 0,1
b 111
w 27,5 28 0,1 1
w 28 28,5 1 0,1
w 28 27,5 1 0,1
w 29 28,5 1 0,1
w 29 27,5 1 0,1
w 28,5 28,25 0,05 0,5
w 28,5 27,75 0,05 0,5
w 29,5 28,25 0,05 0,5
w 29,5 27,75 0,05 0,5
w 30,5 28 0,1 1
w 30 28,5 1 0,1
w 30 27,5 1 0,1
w 27,5 23 0,1 1
w 28 22,5 1 0,1
w 27,5 24 0,1 1
w 27,5 25 0,1 1
w 27,5 26 0,1 1
w 28 26,5 1 0,1
w 29 26,5 1 0,1
w 28,5 26,25 0,05 0,5
w 28,5 25,75 0,05 0,5
w 29,5 26,25 0,05 0,5
w 29,5 25,75 0,05 0,5
w 28,5 25,25 0,05 0,5
w 28,5 24,75 0,05 0,5
w 29,5 25,25 0,05 0,5
w 29,5 24,75 0,05 0,5
w 28,5 24,25 0,05 0,5
w 28,5 23,75 0,05 0,5
w 29,5 24,25 0,05 0,5
w 29,5 23,75 0,05 0,5
w 29 22,5 1 0,1
w 28,5 23,25 0,05 0,5
w 28,5 22,75 0,05 0,5
w 29,5 23,25 0,05 0,5
w 29,5 22,75 0,05 0,5
w 30 22,5 1 0,1
w 30 26,5 1 0,1
w 31,5 26 0,1 1
w 31 26,5 1 0,1
w 31,5 25 0,1 1
w 31,5 24 0,1 1
w 31,5 23 0,1 1
w 31 22,5 1 0,1
b 112
w 27,5 29 0,1 1
w 28 28,5 1 0,1
w 27,5 30 0,1 1
w 27,5 31 0,1 1
w 27,5 32 0,1 1
w 27,75 32,5 0,5 0,05
w 28,25 32,5 0,5 0,05
w 27,5 33 0,1 1
w 27,5 34 0,1 1
w 28 34,5 1 0,1
w 29 34,5 1 0,1
w 28,5 34,25 0,05 0,5
w 28,5 33,75 0,05 0,5
w 29,5 34,25 0,05 0,5
w 29,5 33,75 0,05 0,5
w 28,5 33,25 0,05 0,5
w 28,5 32,75 0,05 0,5
w 29,5 33,25 0,05 0,5
w 29,5 32,75 0,05 0,5
w 28,5 32,25 0,05 0,5
w 28,5 31,75 0,05 0,5
w 29,5 32,25 0,05 0,5
w 29,5 31,75 0,05 0,5
w 28,5 31,25 0,05 0,5
w 28,5 30,75 0,05 0,5
w 29,5 31,25 0,05 0,5
w 29,5 30,75 0,05 0,5
w 28,5 30,25 0,05 0,5
w 28,5 29,75 0,05 0,5
w 29,5 30,25 0,05 0,5
w 29,5 29,75 0,05 0,5
w 29 28,5 1 0,1
w 28,5 29,25 0,05 0,5
w 28,5 28,75 0,05 0,5
w 29,5 29,25 0,05 0,5
w 29,5 28,75 0,05 0,5
w 30,5 29 0,1 1
w 30 28,5 1 0,1
w 30,5 30 0,1 1
w 30,5 31 0,1 1
w 29,75 32,5 0,5 0,05
w 30,25 32,5 0,5 0,05
w 30 34,5 1 0,1
w 31,5 34 0,1 1
w 31 34,5 1 0,1
w 31,5 33 0,1 1
w 31,5 32 0,1 1
w 31 31,5 1 0,1
w 30,75 32,5 0,5 0,05
w 31,25 32,5 0,5 0,05
b 113
w 31,5 8 0,1 1
w 32 7,5 1 0,1
w 31,5 9 0,1 1
w 31,5 10 0,1 1
w 31,5 11 0,1 1
w 31,5 12 0,1 1
w 31,5 13 0,1 1
w 32 13,5 1 0,1
w 33 13,5 1 0,1
w 32,5 13,25 0,05 0,5
w 32,5 12,75 0,05 0,5
w 33,5 13,25 0,05 0,5
w 33,5 12,75 0,05 0,5
w 32,5 12,25 0,05 0,5
w 32,5 11,75 0,05 0,5
w 33,5 12,25 0,05 0,5
w 33,5 11,75 0,05 0,5
w 32,5 11,25 0,05 0,5
w 32,5 10,75 0,05 0,5
w 33,5 11,25 0,05 0,5
w 33,5 10,75 0,05 0,5
w 32,5 10,25 0,05 0,5
w 32,5 9,75 0,05 0,5
w 33,5 10,25 0,05 0,5
w 33,5 9,75 0,05 0,5
w 32,5 9,25 0,05 0,5
w 32,5 8,75 0,05 0,5
w 33,5 9,25 0,05 0,5
w 33,5 8,75 0,05 0,5
w 33 7,5 1 0,1
w 32,5 8,25 0,05 0,5
w 32,5 7,75 0,05 0,5
w 33,5 8,25 0,05 0,5
w 33,5 7,75 0,05 0,5
w 34,5 8 0,1 1
w 34 7,5 1 0,1
w 34,5 9 0,1 1
w 34,5 10 0,1 1
w 34,5 11 0,1 1
w 34,5 12 0,1 1
w 34,5 13 0,1 1
w 34 13,5 1 0,1
b 114
w 31,5 14 0,1 1
w 32 13,5 1 0,1
w 31,5 15 0,1 1
w 31,5 16 0,1 1
w 31,5 17 0,1 1
w 31,5 18 0,1 1
w 31,5 19 0,1 1
w 32 19,5 1 0,1
w 33 19,5 1 0,1
w 32,5 19,25 0,05 0,5
w 32,5 18,75 0,05 0,5
w 33,5 19,25 0,05 0,5
w 33,5 18,75 0,05 0,5
w 32,5 18,25 0,05 0,5
w 32,5 17,75 0,05 0,5
w 33,5 18,25 0,05 0,5
w 33,5 17,75 0,05 0,5
w 32,5 17,25 0,05 0,5
w 32,5 16,75 0,05 0,5
w 33,5 17,25 0,05 0,5
w 33,5 16,75 0,05 0,5
w 32,5 16,25 0,05 0,5
w 32,5 15,75 0,05 0,5
w 33,5 16,25 0,05 0,5
w 33,5 15,75 0,05 0,5
w 32,5 15,25 0,05 0,5
w 32,5 14,75 0,05 0,5
w 33,5 15,25 0,05 0,5
w 33,5 14,75 0,05 0,5
w 33 13,5 1 0,1
w 32,5 14,25 0,05 0,5
w 32,5 13,75 0,05 0,5
w 33,5 14,25 0,05 0,5
w 33,5 13,75 0,05 0,5
w 34,5 14 0,1 1
w 34 13,5 1 0,1
w 34,5 15 0,1 1
w 34,5 16 0,1 1
w 34,5 17 0,1 1
w 34,5 18 0,1 1
w 34,5 19 0,1 1
w 34 19,5 1 0,1
b 115
w 31,5 20 0,1 1
w 32 19,5 1 0,1
w 31,5 21 0,1 1
w 31,75 21,5 0,5 0,05
w 32,25 21,5 0,5 0,05
w 31,5 22 0,1 1
w 31,5 23 0,1 1
w 32 23,5 1 0,1
w 33 23,5 1 0,1
w 32,5 23,25 0,05 0,5
w 32,5 22,75 0,05 0,5
w 33,5 23,25 0,05 0,5
w 33,5 22,75 0,05 0,5
w 32,5 22,25 0,05 0,5
w 32,5 21,75 0,05 0,5
w 33,5 22,25 0,05 0,5
w 33,5 21,75 0,05 0,5
w 32,5 21,25 0,05 0,5
w 32,5 20,75 0,05 0,5
w 33,5 21,25 0,05 0,5
w 33,5 20,75 0,05 0,5
w 33 19,5 1 0,1
w 32,5 20,25 0,05 0,5
w 32,5 19,75 0,05 0,5
w 33,5 20,25 0,05 0,5
w 33,5 19,75 0,05 0,5
w 34,5 20 0,1 1
w 34 19,5 1 0,1
w 34,5 21 0,1 1
w 33,75 21,5 0,5 0,05
w 34,25 21,5 0,5 0,05
w 34,5 22 0,1 1
w 34,5 23 0,1 1
w 34 23,5 1 0,1
b 116
w 34,5 11 0,1 1
w 35 11,5 1 0,1
w 34,5 10 0,1 1
w 34,5 9 0,1 1
w 34,75 9,5 0,5 0,05
w 34,75 8,5 0,5 0,05
w 35,25 9,5 0,5 0,05
w 35,25 8,5 0,5 0,05
w 34,5 8 0,1 1
w 35 7,5 1 0,1
w 36 7,5 1 0,1
w 36,5 8,25 0,05 0,5
w 36,5 7,75 0,05 0,5
w 35,75 9,5 0,5 0,05
w 35,75 8,5 0,5 0,05
w 36,25 9,5 0,5 0,05
w 36,25 8,5 0,5 0,05
w 36,5 10,25 0,05 0,5
w 36,5 9,75 0,05 0,5
w 36 11,5 1 0,1
w 36,5 11,25 0,05 0,5
w 36,5 10,75 0,05 0,5
w 37 11,5 1 0,1
w 37,5 11,25 0,05 0,5
w 37,5 10,75 0,05 0,5
w 37,5 10,25 0,05 0,5
w 37,5 9,75 0,05 0,5
w 36,75 9,5 0,5 0,05
w 36,75 8,5 0,5 0,05
w 37,25 9,5 0,5 0,05
w 37,25 8,5 0,5 0,05
w 37 7,5 1 0,1
w 37,5 8,25 0,05 0,5
w 37,5 7,75 0,05 0,5
w 38 7,5 1 0,1
w 37,75 9,5 0,5 0,05
w 37,75 8,5 0,5 0,05
w 38,25 9,5 0,5 0,05
w 38,25 8,5 0,5 0,05
w 38 11,5 1 0,1
w 39,5 11 0,1 1
w 39 11,5 1 0,1
w 39,5 10 0,1 1
w 39,5 9 0,1 1
w 38,75 9,5 0,5 0,05
w 38,75 8,5 0,5 0,05
w 39,25 9,5 0,5 0,05
w 39,25 8,5 0,5 0,05
w 39,5 8 0,1 1
w 39 7,5 1 0,1
b 117
w 39,5 10 0,1 1
w 40 9,5 1 0,1
w 39,5 11 0,1 1
w 39,75 11,5 0,5 0,05
w 39,75 10,5 0,5 0,05
w 40,25 11,5 0,5 0,05
w 40,25 10,5 0,5 0,05
w 39,5 12 0,1 1
w 39,5 13 0,1 1
w 40 13,5 1 0,1
w 41 13,5 1 0,1
w 40,75 11,5 0,5 0,05
w 40,75 10,5 0,5 0,05
w 41,25 11,5 0,5 0,05
w 41,25 10,5 0,5 0,05
w 41 9,5 1 0,1
w 42 9,5 1 0,1
w 42,5 11 0,1 1
w 41,75 11,5 0,5 0,05
w 41,75 10,5 0,5 0,05
w 42,25 11,5 0,5 0,05
w 42,25 10,5 0,5 0,05
w 42,5 12 0,1 1
w 42,5 13 0,1 1
w 42 13,5 1 0,1
w 43,5 10 0,1 1
w 43 10,5 1 0,1
w 43 9,5 1 0,1
b 118
w 39,5 24 0,1 1
w 40 23,5 1 0,1
w 39,5 25 0,1 1
w 39,5 26 0,1 1
w 39,5 27 0,1 1
w 40 27,5 1 0,1
w 41 27,5 1 0,1
w 40,5 27,25 0,05 0,5
w 40,5 26,75 0,05 0,5
w 41,5 27,25 0,05 0,5
w 41,5 26,75 0,05 0,5
w 40,5 26,25 0,05 0,5
w 40,5 25,75 0,05 0,5
w 41,5 26,25 0,05 0,5
w 41,5 25,75 0,05 0,5
w 40,5 25,25 0,05 0,5
w 40,5 24,75 0,05 0,5
w 41,5 25,25 0,05 0,5
w 41,5 24,75 0,05 0,5
w 41 23,5 1 0,1
w 40,5 24,25 0,05 0,5
w 40,5 23,75 0,05 0,5
w 41,5 24,25 0,05 0,5
w 41,5 23,75 0,05 0,5
w 42,5 24 0,1 1
w 42 23,5 1 0,1
w 42,5 25 0,1 1
w 42,5 26 0,1 1
w 42,5 27 0,1 1
w 42 27,5 1 0,1
b 119
w -0,5 24 0,1 1
w 0 23,5 1 0,1
w -0,5 25 0,1 1
w -0,25 25,5 0,5 0,05
w -0,25 24,5 0,5 0,05
w 0,25 25,5 0,5 0,05
w 0,25 24,5 0,5 0,05
w -0,5 26 0,1 1
w -0,5 27 0,1 1
w 0 27,5 1 0,1
w 1 27,5 1 0,1
w 0,75 25,5 0,5 0,05
w 0,75 24,5 0,5 0,05
w 1,25 25,5 0,5 0,05
w 1,25 24,5 0,5 0,05
w 1 23,5 1 0,1
w 2 23,5 1 0,1
w 1,75 25,5 0,5 0,05
w 1,75 24,5 0,5 0,05
w 2,25 25,5 0,5 0,05
w 2,25 24,5 0,5 0,05
w 2 27,5 1 0,1
w 3,5 27 0,1 1
w 3 27,5 1 0,1
w 3,5 26 0,1 1
w 3,5 25 0,1 1
w 2,75 25,5 0,5 0,05
w 2,75 24,5 0,5 0,05
w 3,25 25,5 0,5 0,05
w 3,25 24,5 0,5 0,05
w 3,5 24 0,1 1
w 3 23,5 1 0,1
b 120
w 3,5 24 0,1 1
w 4 23,5 1 0,1
w 3,5 25 0,1 1
w 3,75 25,5 0,5 0,05
w 4,25 25,5 0,5 0,05
w 3,5 26 0,1 1
w 3,5 27 0,1 1
w 4 27,5 1 0,1
w 5 27,5 1 0,1
w 4,5 27,25 0,05 0,5
w 4,5 26,75 0,05 0,5
w 5,5 27,25 0,05 0,5
w 5,5 26,75 0,05 0,5
w 4,5 26,25 0,05 0,5
w 4,5 25,75 0,05 0,5
w 5,5 26,25 0,05 0,5
w 5,5 25,75 0,05 0,5
w 4,5 25,25 0,05 0,5
w 4,5 24,75 0,05 0,5
w 5,5 25,25 0,05 0,5
w 5,5 24,75 0,05 0,5
w 5 23,5 1 0,1
w 4,5 24,25 0,05 0,5
w 4,5 23,75 0,05 0,5
w 5,5 24,25 0,05 0,5
w 5,5 23,75 0,05 0,5
w 6,5 24 0,1 1
w 6 23,5 1 0,1
w 6,5 25 0,1 1
w 5,75 25,5 0,5 0,05
w 6,25 25,5 0,5 0,05
w 6,5 26 0,1 1
w 6,5 27 0,1 1
w 6 27,5 1 0,1
b 121
w 3,5 28 0,1 1
w 4 27,5 1 0,1
w 3,5 29 0,1 1
w 3,5 30 0,1 1
w 3,5 31 0,1 1
w 3,5 32 0,1 1
w 4 32,5 1 0,1
w 5 32,5 1 0,1
w 4,5 32,25 0,05 0,5
w 4,5 31,75 0,05 0,5
w 5,5 32,25 0,05 0,5
w 5,5 31,75 0,05 0,5
w 4,5 31,25 0,05 0,5
w 4,5 30,75 0,05 0,5
w 5,5 31,25 0,05 0,5
w 5,5 30,75 0,05 0,5
w 4,5 30,25 0,05 0,5
w 4,5 29,75 0,05 0,5
w 5,5 30,25 0,05 0,5
w 5,5 29,75 0,05 0,5
w 4,5 29,25 0,05 0,5
w 4,5 28,75 0,05 0,5
w 5,5 29,25 0,05 0,5
w 5,5 28,75 0,05 0,5
w 5 27,5 1 0,1
w 4,5 28,25 0,05 0,5
w 4,5 27,75 0,05 0,5
w 5,5 28,25 0,05 0,5
w 5,5 27,75 0,05 0,5
w 6,5 28 0,1 1
w 6 27,5 1 0,1
w 6,5 29 0,1 1
w 6,5 30 0,1 1
w 6,5 31 0,1 1
w 6,5 32 0,1 1
w 6 32,5 1 0,1
b 122
w 19,5 12 0,1 1
w 20 11,5 1 0,1
w 19,5 13 0,1 1
w 19,75 13,5 0,5 0,05
w 19,75 12,5 0,5 0,05
w 20,25 13,5 0,5 0,05
w 20,25 12,5 0,5 0,05
w 19,5 14 0,1 1
w 19,5 15 0,1 1
w 20 15,5 1 0,1
w 21 15,5 1 0,1
w 20,75 13,5 0,5 0,05
w 20,75 12,5 0,5 0,05
w 21,25 13,5 0,5 0,05
w 21,25 12,5 0,5 0,05
w 21 11,5 1 0,1
w 22 11,5 1 0,1
w 21,75 13,5 0,5 0,05
w 21,75 12,5 0,5 0,05
w 22,25 13,5 0,5 0,05
w 22,25 12,5 0,5 0,05
w 22 15,5 1 0,1
w 23,5 15 0,1 1
w 23 15,5 1 0,1
w 23,5 14 0,1 1
w 23,5 13 0,1 1
w 22,75 13,5 0,5 0,05
w 22,75 12,5 0,5 0,05
w 23,25 13,5 0,5 0,05
w 23,25 12,5 0,5 0,05
w 23,5 12 0,1 1
w 23 11,5 1 0,1
b 123
w 23,5 12 0,1 1
w 23,5 13 0,1 1
w 23,5 14 0,1 1
w 24 14,5 1 0,1
w 25 14,5 1 0,1
w 24,5 14,25 0,05 0,5
w 24,5 13,75 0,05 0,5
w 25,5 14,25 0,05 0,5
w 25,5 13,75 0,05 0,5
w 24,5 13,25 0,05 0,5
w 24,5 12,75 0,05 0,5
w 25,5 13,25 0,05 0,5
w 25,5 12,75 0,05 0,5
w 24,5 12,25 0,05 0,5
w 24,5 11,75 0,05 0,5
w 25,5 12,25 0,05 0,5
w 25,5 11,75 0,05 0,5
w 24,5 11,25 0,05 0,5
w 24,5 10,75 0,05 0,5
w 25,5 11,25 0,05 0,5
w 25,5 10,75 0,05 0,5
w 23,5 11 0,1 1
w 23,75 11,5 0,5 0,05
w 24,25 11,5 0,5 0,05
w 23,5 10 0,1 1
w 24 9,5 1 0,1
w 25 9,5 1 0,1
w 24,5 10,25 0,05 0,5
w 24,5 9,75 0,05 0,5
w 25,5 10,25 0,05 0,5
w 25,5 9,75 0,05 0,5
w 26 9,5 1 0,1
w 25,75 11,5 0,5 0,05
w 26,25 11,5 0,5 0,05
w 26 14,5 1 0,1
w 27,5 14 0,1 1
w 27 14,5 1 0,1
w 27,5 13 0,1 1
w 27,5 12 0,1 1
w 27,5 11 0,1 1
w 26,75 11,5 0,5 0,05
w 27,25 11,5 0,5 0,05
w 27,5 10 0,1 1
w 27 9,5 1 0,1
b 124
w 27,5 19 0,1 1
w 28 18,5 1 0,1
w 27,5 20 0,1 1
w 27,75 20,5 0,5 0,05
w 27,75 19,5 0,5 0,05
w 28,25 20,5 0,5 0,05
w 28,25 19,5 0,5 0,05
w 27,5 21 0,1 1
w 27,5 22 0,1 1
w 28 22,5 1 0,1
w 29 22,5 1 0,1
w 28,75 20,5 0,5 0,05
w 28,75 19,5 0,5 0,05
w 29,25 20,5 0,5 0,05
w 29,25 19,5 0,5 0,05
w 29 18,5 1 0,1
w 30 18,5 1 0,1
w 29,75 20,5 0,5 0,05
w 29,75 19,5 0,5 0,05
w 30,25 20,5 0,5 0,05
w 30,25 19,5 0,5 0,05
w 30 22,5 1 0,1
w 31,5 22 0,1 1
w 31 22,5 1 0,1
w 31,5 21 0,1 1
w 31,5 20 0,1 1
w 30,75 20,5 0,5 0,05
w 30,75 19,5 0,5 0,05
w 31,25 20,5 0,5 0,05
w 31,25 19,5 0,5 0,05
w 31,5 19 0,1 1
w 31 18,5 1 0,1
b 125
w 27,5 15 0,1 1
w 28 14,5 1 0,1
w 27,5 16 0,1 1
w 27,75 16,5 0,5 0,05
w 27,75 15,5 0,5 0,05
w 28,25 16,5 0,5 0,05
w 28,25 15,5 0,5 0,05
w 27,5 17 0,1 1
w 27,5 18 0,1 1
w 28 18,5 1 0,1
w 29 18,5 1 0,1
w 28,75 16,5 0,5 0,05
w 28,75 15,5 0,5 0,05
w 29,25 16,5 0,5 0,05
w 29,25 15,5 0,5 0,05
w 29 14,5 1 0,1
w 30 14,5 1 0,1
w 29,75 16,5 0,5 0,05
w 29,75 15,5 0,5 0,05
w 30,25 16,5 0,5 0,05
w 30,25 15,5 0,5 0,05
w 30 18,5 1 0,1
w 31,5 18 0,1 1
w 31 18,5 1 0,1
w 31,5 17 0,1 1
w 31,5 16 0,1 1
w 30,75 16,5 0,5 0,05
w 30,75 15,5 0,5 0,05
w 31,25 16,5 0,5 0,05
w 31,25 15,5 0,5 0,05
w 31,5 15 0,1 1
w 31 14,5 1 0,1
b 126
w 27,5 8 0,1 1
w 28 7,5 1 0,1
w 27,5 9 0,1 1
w 27,75 9,5 0,5 0,05
w 27,75 8,5 0,5 0,05
w 28,25 9,5 0,5 0,05
w 28,25 8,5 0,5 0,05
w 27,5 10 0,1 1
w 28 10,5 1 0,1
w 29 10,5 1 0,1
w 28,75 9,5 0,5 0,05
w 28,75 8,5 0,5 0,05
w 29,25 9,5 0,5 0,05
w 29,25 8,5 0,5 0,05
w 29 7,5 1 0,1
w 30 7,5 1 0,1
w 29,75 9,5 0,5 0,05
w 29,75 8,5 0,5 0,05
w 30,25 9,5 0,5 0,05
w 30,25 8,5 0,5 0,05
w 30 10,5 1 0,1
w 31,5 10 0,1 1
w 31 10,5 1 0,1
w 31,5 9 0,1 1
w 30,75 9,5 0,5 0,05
w 30,75 8,5 0,5 0,05
w 31,25 9,5 0,5 0,05
w 31,25 8,5 0,5 0,05
w 31,5 8 0,1 1
w 31 7,5 1 0,1
b 127
w 27,5 11 0,1 1
w 28 10,5 1 0,1
w 27,5 12 0,1 1
w 27,75 12,5 0,5 0,05
w 27,75 11,5 0,5 0,05
w 28,25 12,5 0,5 0,05
w 28,25 11,5 0,5 0,05
w 27,5 13 0,1 1
w 27,5 14 0,1 1
w 28 14,5 1 0,1
w 29 14,5 1 0,1
w 28,75 12,5 0,5 0,05
w 28,75 11,5 0,5 0,05
w 29,25 12,5 0,5 0,05
w 29,25 11,5 0,5 0,05
w 29 10,5 1 0,1
w 30 10,5 1 0,1
w 29,75 12,5 0,5 0,05
w 29,75 11,5 0,5 0,05
w 30,25 12,5 0,5 0,05
w 30,25 11,5 0,5 0,05
w 30 14,5 1 0,1
w 31,5 14 0,1 1
w 31 14,5 1 0,1
w 31,5 13 0,1 1
w 31,5 12 0,1 1
w 30,75 12,5 0,5 0,05
w 30,75 11,5 0,5 0,05
w 31,25 12,5 0,5 0,05
w 31,25 11,5 0,5 0,05
w 31,5 11 0,1 1
w 31 10,5 1 0,1
b 128
w 29 7,5 1 0,1
w 28,5 7,25 0,05 0,5
w 28,5 6,75 0,05 0,5
w 29,5 7,25 0,05 0,5
w 29,5 6,75 0,05 0,5
w 27,5 7 0,1 1
w 28 7,5 1 0,1
w 27,5 6 0,1 1
w 27,5 5 0,1 1
w 27,5 4 0,1 1
w 28 3,5 1 0,1
w 29 3,5 1 0,1
w 28,5 4,25 0,05 0,5
w 28,5 3,75 0,05 0,5
w 29,5 4,25 0,05 0,5
w 29,5 3,75 0,05 0,5
w 28,5 5,25 0,05 0,5
w 28,5 4,75 0,05 0,5
w 29,5 5,25 0,05 0,5
w 29,5 4,75 0,05 0,5
w 28,5 6,25 0,05 0,5
w 28,5 5,75 0,05 0,5
w 29,5 6,25 0,05 0,5
w 29,5 5,75 0,05 0,5
w 30,5 6 0,1 1
w 30,5 5 0,1 1
w 30,5 4 0,1 1
w 30 3,5 1 0,1
w 30,5 7 0,1 1
w 30 7,5 1 0,1
r 3 0
r 3 1
r 3 2
r 3 8
r 3 9
r 3 10
r 3 32
r 3 33
r 3 34
r 3 36
r 3 37
r 3 38
r 3 40
r 3 41
r 3 42
r 3 44
r 3 45
r 3 46
r 3 47
r 3 48
r 3 49
r 7 4
r 7 5
r 7 6
r 7 12
r 7 13
r 7 14
r 7 16
r 7 17
r 7 18
r 7 20
r 7 21
r 7 22
r 7 32
r 7 33
r 7 34
r 7 44
r 7 45
r 7 46
r 7 47
r 7 48
r 7 49
r 11 0
r 11 1
r 11 2
r 11 8
r 11 9
r 11 10
r 11 12
r 11 13
r 11 14
r 15 0
r 15 1
r 15 2
r 15 16
r 15 17
r 15 18
r 15 32
r 15 33
r 15 34
r 15 36
r 15 37
r 15 38
r 15 40
r 15 41
r 15 42
r 19 0
r 19 1
r 19 2
r 19 12
r 19 13
r 19 14
r 19 16
r 19 17
r 19 18
r 19 20
r 19 21
r 19 22
r 19 24
r 19 25
r 19 26
r 19 32
r 19 33
r 19 34
r 19 36
r 19 37
r 19 38
r 19 40
r 19 41
r 19 42
r 23 4
r 23 5
r 23 6
r 23 8
r 23 9
r 23 10
r 23 20
r 23 21
r 23 22
r 23 28
r 23 29
r 23 30
r 23 40
r 23 41
r 23 42
r 27 0
r 27 1
r 27 2
r 27 24
r 27 25
r 27 26
r 27 40
r 27 41
r 27 42
r 27 44
r 27 45
r 27 46
r 27 47
r 27 48
r 27 49
r 31 0
r 31 1
r 31 2
r 31 4
r 31 5
r 31 6
r 31 28
r 31 29
r 31 30
r 31 36
r 31 37
r 31 38
r 31 44
r 31 45
r 31 46
r 31 47
r 31 48
r 31 49
r 35 16
r 35 17
r 35 18
r 35 20
r 35 21
r 35 22
r 35 28
r 35 29
r 35 30
r 35 36
r 35 37
r 35 38
r 35 40
r 35 41
r 35 42
r 35 44
r 35 45
r 35 46
r 35 47
r 35 48
r 35 49
r 39 0
r 39 1
r 39 2
r 39 4
r 39 5
r 39 6
r 39 16
r 39 17
r 39 18
r 39 20
r 39 21
r 39 22
r 39 24
r 39 25
r 39 26
r 39 28
r 39 29
r 39 30
r 39 32
r 39 33
r 39 34
r 39 40
r 39 41
r 39 42
r 39 44
r 39 45
r 39 46
r 39 47
r 39 48
r 39 49
r 43 0
r 43 1
r 43 2
r 43 4
r 43 5
r 43 6
r 43 12
r 43 13
r 43 14
r 43 16
r 43 17
r 43 18
r 43 20
r 43 21
r 43 22
r 43 24
r 43 25
r 43 26
r 43 28
r 43 29
r 43 30
r 43 32
r 43 33
r 43 34
r 43 36
r 43 37
r 43 38
r 43 40
r 43 41
r 43 42
r 43 44
r 43 45
r 43 46
r 43 47
r 43 48
r 43 49
r 0 3
r 1 3
r 2 3
r 4 3
r 5 3
r 6 3
r 8 3
r 9 3
r 10 3
r 16 3
r 17 3
r 18 3
r 20 3
r 21 3
r 22 3
r 24 3
r 25 3
r 26 3
r 28 3
r 29 3
r 30 3
r 40 3
r 41 3
r 42 3
r 0 7
r 1 7
r 2 7
r 8 7
r 9 7
r 10 7
r 12 7
r 13 7
r 14 7
r 32 7
r 33 7
r 34 7
r 36 7
r 37 7
r 38 7
r 44 7
r 45 7
r 46 7
r 47 7
r 48 7
r 49 7
r 0 11
r 1 11
r 2 11
r 4 11
r 5 11
r 6 11
r 8 11
r 9 11
r 10 11
r 20 11
r 21 11
r 22 11
r 44 11
r 45 11
r 46 11
r 47 11
r 48 11
r 49 11
r 0 15
r 1 15
r 2 15
r 4 15
r 5 15
r 6 15
r 8 15
r 9 15
r 10 15
r 12 15
r 13 15
r 14 15
r 36 15
r 37 15
r 38 15
r 0 19
r 1 19
r 2 19
r 4 19
r 5 19
r 6 19
r 8 19
r 9 19
r 10 19
r 12 19
r 13 19
r 14 19
r 16 19
r 17 19
r 18 19
r 20 19
r 21 19
r 22 19
r 44 19
r 45 19
r 46 19
r 47 19
r 48 19
r 49 19
r 0 23
r 1 23
r 2 23
r 4 23
r 5 23
r 6 23
r 20 23
r 21 23
r 22 23
r 36 23
r 37 23
r 38 23
r 20 27
r 21 27
r 22 27
r 28 27
r 29 27
r 30 27
r 36 27
r 37 27
r 38 27
r 0 31
r 1 31
r 2 31
r 8 31
r 9 31
r 10 31
r 12 31
r 13 31
r 14 31
r 16 31
r 17 31
r 18 31
r 20 31
r 21 31
r 22 31
r 32 31
r 33 31
r 34 31
r 36 31
r 37 31
r 38 31
r 44 31
r 45 31
r 46 31
r 47 31
r 48 31
r 49 31
r 16 35
r 17 35
r 18 35
r 32 35
r 33 35
r 34 35
r 40 35
r 41 35
r 42 35
r 0 39
r 1 39
r 2 39
r 24 39
r 25 39
r 26 39
r 28 39
r 29 39
r 30 39
r 36 39
r 37 39
r 38 39
r 44 39
r 45 39
r 46 39
r 47 39
r 48 39
r 49 39
r 0 43
r 1 43
r 2 43
r 4 43
r 5 43
r 6 43
r 8 43
r 9 43
r 10 43
r 12 43
r 13 43
r 14 43
r 16 43
r 17 43
r 18 43
r 20 43
r 21 43
r 22 43
r 24 43
r 25 43
r 26 43
r 32 43
r 33 43
r 34 43
r 40 43
r 41 43
r 42 43
r 44 43
r 45 43
r 46 43
r 47 43
r 48 43
r 49 43
