b 0
w -0,5 11 0,1 1
w 0 10,5 1 0,1
w -0,5 12 0,1 1
w -0,25 12,5 0,5 0,05
w 0,25 12,5 0,5 0,05
w -0,5 13 0,1 1
w -0,5 14 0,1 1
w -0,5 15 0,1 1
w 0 15,5 1 0,1
w 1 15,5 1 0,1
w 0,5 15,25 0,05 0,5
w 0,5 14,75 0,05 0,5
w 1,5 15,25 0,05 0,5
w 1,5 14,75 0,05 0,5
w 0,5 14,25 0,05 0,5
w 0,5 13,75 0,05 0,5
w 1,5 14,25 0,05 0,5
w 1,5 13,75 0,05 0,5
w 0,5 13,25 0,05 0,5
w 0,5 12,75 0,05 0,5
w 1,5 13,25 0,05 0,5
w 1,5 12,75 0,05 0,5
w 0,5 12,25 0,05 0,5
w 0,5 11,75 0,05 0,5
w 1,5 12,25 0,05 0,5
w 1,5 11,75 0,05 0,5
w 1 10,5 1 0,1
w 0,5 11,25 0,05 0,5
w 0,5 10,75 0,05 0,5
w 1,5 11,25 0,05 0,5
w 1,5 10,75 0,05 0,5
w 2 10,5 1 0,1
w 1,75 12,5 0,5 0,05
w 2,25 12,5 0,5 0,05
w 2 15,5 1 0,1
w 3,5 15 0,1 1
w 3 15,5 1 0,1
w 3,5 14 0,1 1
w 3,5 13 0,1 1
w 3,5 12 0,1 1
w 2,75 12,5 0,5 0,05
w 3,25 12,5 0,5 0,05
w 3,5 11 0,1 1
w 3 10,5 1 0,1
b 1
w -0,5 17 0,1 1
w 0 16,5 1 0,1
w -0,5 18 0,1 1
w -0,25 18,5 0,5 0,05
w -0,25 17,5 0,5 0,05
w 0,25 18,5 0,5 0,05
w 0,25 17,5 0,5 0,05
w -0,5 19 0,1 1
w 0 19,5 1 0,1
w 1 19,5 1 0,1
w 0,75 18,5 0,5 0,05
w 0,75 17,5 0,5 0,05
w 1,25 18,5 0,5 0,05
w 1,25 17,5 0,5 0,05
w 1 16,5 1 0,1
w 2 16,5 1 0,1
w 1,75 18,5 0,5 0,05
w 1,75 17,5 0,5 0,05
w 2,25 18,5 0,5 0,05
w 2,25 17,5 0,5 0,05
w 2 19,5 1 0,1
w 3,5 19 0,1 1
w 3 19,5 1 0,1
w 3,5 18 0,1 1
w 2,75 18,5 0,5 0,05
w 2,75 17,5 0,5 0,05
w 3,25 18,5 0,5 0,05
w 3,25 17,5 0,5 0,05
w 3,5 17 0,1 1
w 3 16,5 1 0,1
b 2
w 4,5 23 0,1 1
w 5 23,5 1 0,1
w 4,5 22 0,1 1
w 4,75 22,5 0,5 0,05
w 4,75 21,5 0,5 0,05
w 5,25 22,5 0,5 0,05
w 5,25 21,5 0,5 0,05
w 4,5 21 0,1 1
w 5 20,5 1 0,1
w 6 20,5 1 0,1
w 5,75 22,5 0,5 0,05
w 5,75 21,5 0,5 0,05
w 6,25 22,5 0,5 0,05
w 6,25 21,5 0,5 0,05
w 6 23,5 1 0,1
w 7 23,5 1 0,1
w 6,75 22,5 0,5 0,05
w 6,75 21,5 0,5 0,05
w 7,25 22,5 0,5 0,05
w 7,25 21,5 0,5 0,05
w 7 20,5 1 0,1
w 8,5 21 0,1 1
w 8 20,5 1 0,1
w 8,5 22 0,1 1
w 7,75 22,5 0,5 0,05
w 7,75 21,5 0,5 0,05
w 8,25 22,5 0,5 0,05
w 8,25 21,5 0,5 0,05
w 8,5 23 0,1 1
w 8 23,5 1 0,1
b 3
w 4,5 29 0,1 1
w 5 28,5 1 0,1
w 4,5 30 0,1 1
w 4,75 30,5 0,5 0,05
w 4,75 29,5 0,5 0,05
w 5,25 30,5 0,5 0,05
w 5,25 29,5 0,5 0,05
w 4,5 31 0,1 1
w 5 31,5 1 0,1
w 6 31,5 1 0,1
w 5,75 30,5 0,5 0,05
w 5,75 29,5 0,5 0,05
w 6,25 30,5 0,5 0,05
w 6,25 29,5 0,5 0,05
w 6 28,5 1 0,1
w 7 28,5 1 0,1
w 6,75 30,5 0,5 0,05
w 6,75 29,5 0,5 0,05
w 7,25 30,5 0,5 0,05
w 7,25 29,5 0,5 0,05
w 7 31,5 1 0,1
w 8,5 31 0,1 1
w 8 31,5 1 0,1
w 8,5 30 0,1 1
w 7,75 30,5 0,5 0,05
w 7,75 29,5 0,5 0,05
w 8,25 30,5 0,5 0,05
w 8,25 29,5 0,5 0,05
w 8,5 29 0,1 1
w 8 28,5 1 0,1
b 4
w -0,5 29 0,1 1
w 0 28,5 1 0,1
w -0,5 30 0,1 1
w -0,25 30,5 0,5 0,05
w -0,25 29,5 0,5 0,05
w 0,25 30,5 0,5 0,05
w 0,25 29,5 0,5 0,05
w -0,5 31 0,1 1
w 0 31,5 1 0,1
w 1 31,5 1 0,1
w 0,75 30,5 0,5 0,05
w 0,75 29,5 0,5 0,05
w 1,25 30,5 0,5 0,05
w 1,25 29,5 0,5 0,05
w 1 28,5 1 0,1
w 2 28,5 1 0,1
w 1,75 30,5 0,5 0,05
w 1,75 29,5 0,5 0,05
w 2,25 30,5 0,5 0,05
w 2,25 29,5 0,5 0,05
w 2 31,5 1 0,1
w 3,5 31 0,1 1
w 3 31,5 1 0,1
w 3,5 30 0,1 1
w 2,75 30,5 0,5 0,05
w 2,75 29,5 0,5 0,05
w 3,25 30,5 0,5 0,05
w 3,25 29,5 0,5 0,05
w 3,5 29 0,1 1
w 3 28,5 1 0,1
b 5
w 13,5 39 0,1 1
w 14 39,5 1 0,1
w 13,5 38 0,1 1
w 13,75 38,5 0,5 0,05
w 13,75 37,5 0,5 0,05
w 14,25 38,5 0,5 0,05
w 14,25 37,5 0,5 0,05
w 13,5 37 0,1 1
w 14 36,5 1 0,1
w 15 36,5 1 0,1
w 14,75 38,5 0,5 0,05
w 14,75 37,5 0,5 0,05
w 15,25 38,5 0,5 0,05
w 15,25 37,5 0,5 0,05
w 15 39,5 1 0,1
w 16 39,5 1 0,1
w 15,75 38,5 0,5 0,05
w 15,75 37,5 0,5 0,05
w 16,25 38,5 0,5 0,05
w 16,25 37,5 0,5 0,05
w 16 36,5 1 0,1
w 17 36,5 1 0,1
w 16,75 38,5 0,5 0,05
w 16,75 37,5 0,5 0,05
w 17,25 38,5 0,5 0,05
w 17,25 37,5 0,5 0,05
w 17 39,5 1 0,1
w 18,5 39 0,1 1
w 18 39,5 1 0,1
w 18,5 38 0,1 1
w 17,75 38,5 0,5 0,05
w 17,75 37,5 0,5 0,05
w 18,25 38,5 0,5 0,05
w 18,25 37,5 0,5 0,05
w 18,5 37 0,1 1
w 18 36,5 1 0,1
b 6
w -0,5 37 0,1 1
w 0 36,5 1 0,1
w -0,5 38 0,1 1
w -0,25 38,5 0,5 0,05
w -0,25 37,5 0,5 0,05
w 0,25 38,5 0,5 0,05
w 0,25 37,5 0,5 0,05
w -0,5 39 0,1 1
w 0 39,5 1 0,1
w 1 39,5 1 0,1
w 0,75 38,5 0,5 0,05
w 0,75 37,5 0,5 0,05
w 1,25 38,5 0,5 0,05
w 1,25 37,5 0,5 0,05
w 1 36,5 1 0,1
w 2 36,5 1 0,1
w 1,75 38,5 0,5 0,05
w 1,75 37,5 0,5 0,05
w 2,25 38,5 0,5 0,05
w 2,25 37,5 0,5 0,05
w 2 39,5 1 0,1
w 3,5 39 0,1 1
w 3 39,5 1 0,1
w 3,5 38 0,1 1
w 2,75 38,5 0,5 0,05
w 2,75 37,5 0,5 0,05
w 3,25 38,5 0,5 0,05
w 3,25 37,5 0,5 0,05
w 3,5 37 0,1 1
w 3 36,5 1 0,1
b 7
w -0,5 45 0,1 1
w 0 44,5 1 0,1
w -0,5 46 0,1 1
w -0,25 46,5 0,5 0,05
w 0,25 46,5 0,5 0,05
w -0,5 47 0,1 1
w -0,25 47,5 0,5 0,05
w 0,25 47,5 0,5 0,05
w -0,5 48 0,1 1
w -0,5 49 0,1 1
w 0 49,5 1 0,1
w 1 49,5 1 0,1
w 0,5 49,25 0,05 0,5
w 0,5 48,75 0,05 0,5
w 1,5 49,25 0,05 0,5
w 1,5 48,75 0,05 0,5
w 0,5 48,25 0,05 0,5
w 0,5 47,75 0,05 0,5
w 1,5 48,25 0,05 0,5
w 1,5 47,75 0,05 0,5
w 0,5 47,25 0,05 0,5
w 0,5 46,75 0,05 0,5
w 1,5 47,25 0,05 0,5
w 1,5 46,75 0,05 0,5
w 0,5 46,25 0,05 0,5
w 0,5 45,75 0,05 0,5
w 1,5 46,25 0,05 0,5
w 1,5 45,75 0,05 0,5
w 1 44,5 1 0,1
w 0,5 45,25 0,05 0,5
w 0,5 44,75 0,05 0,5
w 1,5 45,25 0,05 0,5
w 1,5 44,75 0,05 0,5
w 2 44,5 1 0,1
w 1,75 46,5 0,5 0,05
w 2,25 46,5 0,5 0,05
w 1,75 47,5 0,5 0,05
w 2,25 47,5 0,5 0,05
w 2 49,5 1 0,1
w 3,5 49 0,1 1
w 3 49,5 1 0,1
w 3,5 48 0,1 1
w 3,5 47 0,1 1
w 2,75 47,5 0,5 0,05
w 3,25 47,5 0,5 0,05
w 3,5 46 0,1 1
w 2,75 46,5 0,5 0,05
w 3,25 46,5 0,5 0,05
w 3,5 45 0,1 1
w 3 44,5 1 0,1
b 8
w 33,5 39 0,1 1
w 34 38,5 1 0,1
w 33,5 40 0,1 1
w 33,5 41 0,1 1
w 33,75 41,5 0,5 0,05
w 33,75 40,5 0,5 0,05
w 34,25 41,5 0,5 0,05
w 34,25 40,5 0,5 0,05
w 33,5 42 0,1 1
w 33,5 43 0,1 1
w 34 43,5 1 0,1
w 35 43,5 1 0,1
w 35,5 43,25 0,05 0,5
w 35,5 42,75 0,05 0,5
w 35,5 42,25 0,05 0,5
w 35,5 41,75 0,05 0,5
w 34,75 41,5 0,5 0,05
w 34,75 40,5 0,5 0,05
w 35,25 41,5 0,5 0,05
w 35,25 40,5 0,5 0,05
w 35,5 40,25 0,05 0,5
w 35,5 39,75 0,05 0,5
w 35 38,5 1 0,1
w 35,5 39,25 0,05 0,5
w 35,5 38,75 0,05 0,5
w 36 38,5 1 0,1
w 35,75 41,5 0,5 0,05
w 35,75 40,5 0,5 0,05
w 36,25 41,5 0,5 0,05
w 36,25 40,5 0,5 0,05
w 36 43,5 1 0,1
w 37 43,5 1 0,1
w 36,75 41,5 0,5 0,05
w 36,75 40,5 0,5 0,05
w 37,25 41,5 0,5 0,05
w 37,25 40,5 0,5 0,05
w 37 38,5 1 0,1
w 38,5 39 0,1 1
w 38 38,5 1 0,1
w 38,5 40 0,1 1
w 38,5 41 0,1 1
w 37,75 41,5 0,5 0,05
w 37,75 40,5 0,5 0,05
w 38,25 41,5 0,5 0,05
w 38,25 40,5 0,5 0,05
w 38,5 42 0,1 1
w 38,5 43 0,1 1
w 38 43,5 1 0,1
b 9
w 9,5 43 0,1 1
w 10 43,5 1 0,1
w 9,5 42 0,1 1
w 9,75 42,5 0,5 0,05
w 9,75 41,5 0,5 0,05
w 10,25 42,5 0,5 0,05
w 10,25 41,5 0,5 0,05
w 9,5 41 0,1 1
w 10 40,5 1 0,1
w 11 40,5 1 0,1
w 10,75 42,5 0,5 0,05
w 10,75 41,5 0,5 0,05
w 11,25 42,5 0,5 0,05
w 11,25 41,5 0,5 0,05
w 11 43,5 1 0,1
w 12 43,5 1 0,1
w 11,75 42,5 0,5 0,05
w 11,75 41,5 0,5 0,05
w 12,25 42,5 0,5 0,05
w 12,25 41,5 0,5 0,05
w 12 40,5 1 0,1
w 13,5 41 0,1 1
w 13 40,5 1 0,1
w 13,5 42 0,1 1
w 12,75 42,5 0,5 0,05
w 12,75 41,5 0,5 0,05
w 13,25 42,5 0,5 0,05
w 13,25 41,5 0,5 0,05
w 13,5 43 0,1 1
w 13 43,5 1 0,1
b 10
w 9,5 4 0,1 1
w 10 3,5 1 0,1
w 9,5 5 0,1 1
w 9,75 5,5 0,5 0,05
w 9,75 4,5 0,5 0,05
w 10,25 5,5 0,5 0,05
w 10,25 4,5 0,5 0,05
w 9,5 6 0,1 1
w 9,5 7 0,1 1
w 10 7,5 1 0,1
w 11 7,5 1 0,1
w 10,75 5,5 0,5 0,05
w 10,75 4,5 0,5 0,05
w 11,25 5,5 0,5 0,05
w 11,25 4,5 0,5 0,05
w 11 3,5 1 0,1
w 12 3,5 1 0,1
w 11,75 5,5 0,5 0,05
w 11,75 4,5 0,5 0,05
w 12,25 5,5 0,5 0,05
w 12,25 4,5 0,5 0,05
w 12 7,5 1 0,1
w 13,5 7 0,1 1
w 13 7,5 1 0,1
w 13,5 6 0,1 1
w 13,5 5 0,1 1
w 12,75 5,5 0,5 0,05
w 12,75 4,5 0,5 0,05
w 13,25 5,5 0,5 0,05
w 13,25 4,5 0,5 0,05
w 13,5 4 0,1 1
w 13 3,5 1 0,1
b 11
w 14,5 11 0,1 1
w 15 11,5 1 0,1
w 14,5 10 0,1 1
w 14,75 10,5 0,5 0,05
w 14,75 9,5 0,5 0,05
w 15,25 10,5 0,5 0,05
w 15,25 9,5 0,5 0,05
w 14,5 9 0,1 1
w 15 8,5 1 0,1
w 16 8,5 1 0,1
w 15,75 10,5 0,5 0,05
w 15,75 9,5 0,5 0,05
w 16,25 10,5 0,5 0,05
w 16,25 9,5 0,5 0,05
w 16 11,5 1 0,1
w 17 11,5 1 0,1
w 16,75 10,5 0,5 0,05
w 16,75 9,5 0,5 0,05
w 17,25 10,5 0,5 0,05
w 17,25 9,5 0,5 0,05
w 17 8,5 1 0,1
w 18,5 9 0,1 1
w 18 8,5 1 0,1
w 18,5 10 0,1 1
w 17,75 10,5 0,5 0,05
w 17,75 9,5 0,5 0,05
w 18,25 10,5 0,5 0,05
w 18,25 9,5 0,5 0,05
w 18,5 11 0,1 1
w 18 11,5 1 0,1
b 12
w 9,5 13 0,1 1
w 10 12,5 1 0,1
w 9,5 14 0,1 1
w 9,75 14,5 0,5 0,05
w 9,75 13,5 0,5 0,05
w 10,25 14,5 0,5 0,05
w 10,25 13,5 0,5 0,05
w 9,5 15 0,1 1
w 10 15,5 1 0,1
w 11 15,5 1 0,1
w 11,5 15,25 0,05 0,5
w 11,5 14,75 0,05 0,5
w 10,75 14,5 0,5 0,05
w 10,75 13,5 0,5 0,05
w 11,25 14,5 0,5 0,05
w 11,25 13,5 0,5 0,05
w 11 12,5 1 0,1
w 11,5 13,25 0,05 0,5
w 11,5 12,75 0,05 0,5
w 12 12,5 1 0,1
w 11,75 14,5 0,5 0,05
w 11,75 13,5 0,5 0,05
w 12,25 14,5 0,5 0,05
w 12,25 13,5 0,5 0,05
w 12 15,5 1 0,1
w 13,5 15 0,1 1
w 13 15,5 1 0,1
w 13,5 14 0,1 1
w 12,75 14,5 0,5 0,05
w 12,75 13,5 0,5 0,05
w 13,25 14,5 0,5 0,05
w 13,25 13,5 0,5 0,05
w 13,5 13 0,1 1
w 13 12,5 1 0,1
b 13
w 9,5 45 0,1 1
w 10 44,5 1 0,1
w 9,5 46 0,1 1
w 9,5 47 0,1 1
w 9,5 48 0,1 1
w 9,5 49 0,1 1
w 10 49,5 1 0,1
w 11 49,5 1 0,1
w 10,5 49,25 0,05 0,5
w 10,5 48,75 0,05 0,5
w 11,5 49,25 0,05 0,5
w 11,5 48,75 0,05 0,5
w 10,5 48,25 0,05 0,5
w 10,5 47,75 0,05 0,5
w 11,5 48,25 0,05 0,5
w 11,5 47,75 0,05 0,5
w 10,5 47,25 0,05 0,5
w 10,5 46,75 0,05 0,5
w 11,5 47,25 0,05 0,5
w 11,5 46,75 0,05 0,5
w 10,5 46,25 0,05 0,5
w 10,5 45,75 0,05 0,5
w 11,5 46,25 0,05 0,5
w 11,5 45,75 0,05 0,5
w 11 44,5 1 0,1
w 10,5 45,25 0,05 0,5
w 10,5 44,75 0,05 0,5
w 11,5 45,25 0,05 0,5
w 11,5 44,75 0,05 0,5
w 12 44,5 1 0,1
w 12 49,5 1 0,1
w 13,5 49 0,1 1
w 13 49,5 1 0,1
w 13,5 48 0,1 1
w 13,5 47 0,1 1
w 13,5 46 0,1 1
w 13,5 45 0,1 1
w 13 44,5 1 0,1
b 14
w 14,5 13 0,1 1
w 15 12,5 1 0,1
w 14,5 14 0,1 1
w 14,75 14,5 0,5 0,05
w 14,75 13,5 0,5 0,05
w 15,25 14,5 0,5 0,05
w 15,25 13,5 0,5 0,05
w 14,5 15 0,1 1
w 15 15,5 1 0,1
w 16 15,5 1 0,1
w 15,75 14,5 0,5 0,05
w 15,75 13,5 0,5 0,05
w 16,25 14,5 0,5 0,05
w 16,25 13,5 0,5 0,05
w 16 12,5 1 0,1
w 17 12,5 1 0,1
w 16,75 14,5 0,5 0,05
w 16,75 13,5 0,5 0,05
w 17,25 14,5 0,5 0,05
w 17,25 13,5 0,5 0,05
w 17 15,5 1 0,1
w 18,5 15 0,1 1
w 18 15,5 1 0,1
w 18,5 14 0,1 1
w 17,75 14,5 0,5 0,05
w 17,75 13,5 0,5 0,05
w 18,25 14,5 0,5 0,05
w 18,25 13,5 0,5 0,05
w 18,5 13 0,1 1
w 18 12,5 1 0,1
b 15
w 21,5 35 0,1 1
w 22 35,5 1 0,1
w 21,5 34 0,1 1
w 21,75 34,5 0,5 0,05
w 21,75 33,5 0,5 0,05
w 22,25 34,5 0,5 0,05
w 22,25 33,5 0,5 0,05
w 21,5 33 0,1 1
w 22 32,5 1 0,1
w 23 32,5 1 0,1
w 22,75 34,5 0,5 0,05
w 22,75 33,5 0,5 0,05
w 23,25 34,5 0,5 0,05
w 23,25 33,5 0,5 0,05
w 23 35,5 1 0,1
w 24 35,5 1 0,1
w 23,75 34,5 0,5 0,05
w 23,75 33,5 0,5 0,05
w 24,25 34,5 0,5 0,05
w 24,25 33,5 0,5 0,05
w 24 32,5 1 0,1
w 25 32,5 1 0,1
w 24,75 34,5 0,5 0,05
w 24,75 33,5 0,5 0,05
w 25,25 34,5 0,5 0,05
w 25,25 33,5 0,5 0,05
w 25 35,5 1 0,1
w 26 35,5 1 0,1
w 25,75 34,5 0,5 0,05
w 25,75 33,5 0,5 0,05
w 26,25 34,5 0,5 0,05
w 26,25 33,5 0,5 0,05
w 26 32,5 1 0,1
w 27 32,5 1 0,1
w 26,75 34,5 0,5 0,05
w 26,75 33,5 0,5 0,05
w 27,25 34,5 0,5 0,05
w 27,25 33,5 0,5 0,05
w 27 35,5 1 0,1
w 28,5 35 0,1 1
w 28 35,5 1 0,1
w 28,5 34 0,1 1
w 27,75 34,5 0,5 0,05
w 27,75 33,5 0,5 0,05
w 28,25 34,5 0,5 0,05
w 28,25 33,5 0,5 0,05
w 28,5 33 0,1 1
w 28 32,5 1 0,1
b 16
w 19,5 43 0,1 1
w 20 43,5 1 0,1
w 19,5 42 0,1 1
w 19,75 42,5 0,5 0,05
w 19,75 41,5 0,5 0,05
w 20,25 42,5 0,5 0,05
w 20,25 41,5 0,5 0,05
w 19,5 41 0,1 1
w 20 40,5 1 0,1
w 21 40,5 1 0,1
w 21,5 41,25 0,05 0,5
w 21,5 40,75 0,05 0,5
w 20,75 42,5 0,5 0,05
w 20,75 41,5 0,5 0,05
w 21,25 42,5 0,5 0,05
w 21,25 41,5 0,5 0,05
w 21 43,5 1 0,1
w 21,5 43,25 0,05 0,5
w 21,5 42,75 0,05 0,5
w 22 43,5 1 0,1
w 21,75 42,5 0,5 0,05
w 21,75 41,5 0,5 0,05
w 22,25 42,5 0,5 0,05
w 22,25 41,5 0,5 0,05
w 22 40,5 1 0,1
w 23,5 41 0,1 1
w 23 40,5 1 0,1
w 23,5 42 0,1 1
w 22,75 42,5 0,5 0,05
w 22,75 41,5 0,5 0,05
w 23,25 42,5 0,5 0,05
w 23,25 41,5 0,5 0,05
w 23,5 43 0,1 1
w 23 43,5 1 0,1
b 17
w 19,5 49 0,1 1
w 20 49,5 1 0,1
w 19,5 48 0,1 1
w 19,5 47 0,1 1
w 19,75 47,5 0,5 0,05
w 20,25 47,5 0,5 0,05
w 19,5 46 0,1 1
w 19,5 45 0,1 1
w 20 44,5 1 0,1
w 21 44,5 1 0,1
w 20,5 45,25 0,05 0,5
w 20,5 44,75 0,05 0,5
w 21,5 45,25 0,05 0,5
w 21,5 44,75 0,05 0,5
w 20,5 46,25 0,05 0,5
w 20,5 45,75 0,05 0,5
w 21,5 46,25 0,05 0,5
w 21,5 45,75 0,05 0,5
w 20,5 47,25 0,05 0,5
w 20,5 46,75 0,05 0,5
w 21,5 47,25 0,05 0,5
w 21,5 46,75 0,05 0,5
w 20,5 48,25 0,05 0,5
w 20,5 47,75 0,05 0,5
w 21,5 48,25 0,05 0,5
w 21,5 47,75 0,05 0,5
w 21 49,5 1 0,1
w 20,5 49,25 0,05 0,5
w 20,5 48,75 0,05 0,5
w 21,5 49,25 0,05 0,5
w 21,5 48,75 0,05 0,5
w 22 49,5 1 0,1
w 21,75 47,5 0,5 0,05
w 22,25 47,5 0,5 0,05
w 22 44,5 1 0,1
w 23,5 45 0,1 1
w 23 44,5 1 0,1
w 23,5 46 0,1 1
w 23,5 47 0,1 1
w 22,75 47,5 0,5 0,05
w 23,25 47,5 0,5 0,05
w 23,5 48 0,1 1
w 23,5 49 0,1 1
w 23 49,5 1 0,1
b 18
w 28,5 15 0,1 1
w 29 15,5 1 0,1
w 28,5 14 0,1 1
w 28,75 14,5 0,5 0,05
w 28,75 13,5 0,5 0,05
w 29,25 14,5 0,5 0,05
w 29,25 13,5 0,5 0,05
w 28,5 13 0,1 1
w 29 12,5 1 0,1
w 30 12,5 1 0,1
w 29,75 14,5 0,5 0,05
w 29,75 13,5 0,5 0,05
w 30,25 14,5 0,5 0,05
w 30,25 13,5 0,5 0,05
w 30 15,5 1 0,1
w 31 15,5 1 0,1
w 30,75 14,5 0,5 0,05
w 30,75 13,5 0,5 0,05
w 31,25 14,5 0,5 0,05
w 31,25 13,5 0,5 0,05
w 31 12,5 1 0,1
w 32 12,5 1 0,1
w 31,75 14,5 0,5 0,05
w 31,75 13,5 0,5 0,05
w 32,25 14,5 0,5 0,05
w 32,25 13,5 0,5 0,05
w 32 15,5 1 0,1
w 33,5 15 0,1 1
w 33 15,5 1 0,1
w 33,5 14 0,1 1
w 32,75 14,5 0,5 0,05
w 32,75 13,5 0,5 0,05
w 33,25 14,5 0,5 0,05
w 33,25 13,5 0,5 0,05
w 33,5 13 0,1 1
w 33 12,5 1 0,1
b 19
w 19,5 37 0,1 1
w 20 36,5 1 0,1
w 19,5 38 0,1 1
w 19,75 38,5 0,5 0,05
w 19,75 37,5 0,5 0,05
w 20,25 38,5 0,5 0,05
w 20,25 37,5 0,5 0,05
w 19,5 39 0,1 1
w 20 39,5 1 0,1
w 21 39,5 1 0,1
w 21,5 39,25 0,05 0,5
w 21,5 38,75 0,05 0,5
w 20,75 38,5 0,5 0,05
w 20,75 37,5 0,5 0,05
w 21,25 38,5 0,5 0,05
w 21,25 37,5 0,5 0,05
w 21 36,5 1 0,1
w 21,5 37,25 0,05 0,5
w 21,5 36,75 0,05 0,5
w 22 36,5 1 0,1
w 21,75 38,5 0,5 0,05
w 21,75 37,5 0,5 0,05
w 22,25 38,5 0,5 0,05
w 22,25 37,5 0,5 0,05
w 22 39,5 1 0,1
w 23,5 39 0,1 1
w 23 39,5 1 0,1
w 23,5 38 0,1 1
w 22,75 38,5 0,5 0,05
w 22,75 37,5 0,5 0,05
w 23,25 38,5 0,5 0,05
w 23,25 37,5 0,5 0,05
w 23,5 37 0,1 1
w 23 36,5 1 0,1
b 20
w 29,5 7 0,1 1
w 30 7,5 1 0,1
w 29,5 6 0,1 1
w 29,5 5 0,1 1
w 29,75 5,5 0,5 0,05
w 29,75 4,5 0,5 0,05
w 30,25 5,5 0,5 0,05
w 30,25 4,5 0,5 0,05
w 29,5 4 0,1 1
w 30 3,5 1 0,1
w 31 3,5 1 0,1
w 30,75 5,5 0,5 0,05
w 30,75 4,5 0,5 0,05
w 31,25 5,5 0,5 0,05
w 31,25 4,5 0,5 0,05
w 31 7,5 1 0,1
w 32 7,5 1 0,1
w 31,75 5,5 0,5 0,05
w 31,75 4,5 0,5 0,05
w 32,25 5,5 0,5 0,05
w 32,25 4,5 0,5 0,05
w 32 3,5 1 0,1
w 33,5 4 0,1 1
w 33 3,5 1 0,1
w 33,5 5 0,1 1
w 32,75 5,5 0,5 0,05
w 32,75 4,5 0,5 0,05
w 33,25 5,5 0,5 0,05
w 33,25 4,5 0,5 0,05
w 33,5 6 0,1 1
w 33,5 7 0,1 1
w 33 7,5 1 0,1
b 21
w 38,5 27 0,1 1
w 37,5 27 0,1 1
w 38 27,5 1 0,1
w 37,5 27,25 0,05 0,5
w 37,5 26,75 0,05 0,5
w 38,5 27,25 0,05 0,5
w 38,5 26,75 0,05 0,5
w 38,5 26 0,1 1
w 37,5 26 0,1 1
w 37,5 26,25 0,05 0,5
w 37,5 25,75 0,05 0,5
w 38,5 26,25 0,05 0,5
w 38,5 25,75 0,05 0,5
w 38,5 25 0,1 1
w 37,5 25 0,1 1
w 37,5 25,25 0,05 0,5
w 37,5 24,75 0,05 0,5
w 38,5 25,25 0,05 0,5
w 38,5 24,75 0,05 0,5
w 38,5 24 0,1 1
w 37,5 24 0,1 1
w 38 23,5 1 0,1
w 37,5 24,25 0,05 0,5
w 37,5 23,75 0,05 0,5
w 38,5 24,25 0,05 0,5
w 38,5 23,75 0,05 0,5
b 22
w 24,5 46 0,1 1
w 25 45,5 1 0,1
w 24,5 47 0,1 1
w 24,75 47,5 0,5 0,05
w 24,75 46,5 0,5 0,05
w 25,25 47,5 0,5 0,05
w 25,25 46,5 0,5 0,05
w 24,5 48 0,1 1
w 24,5 49 0,1 1
w 25 49,5 1 0,1
w 26 49,5 1 0,1
w 25,75 47,5 0,5 0,05
w 25,75 46,5 0,5 0,05
w 26,25 47,5 0,5 0,05
w 26,25 46,5 0,5 0,05
w 26 45,5 1 0,1
w 27 45,5 1 0,1
w 26,75 47,5 0,5 0,05
w 26,75 46,5 0,5 0,05
w 27,25 47,5 0,5 0,05
w 27,25 46,5 0,5 0,05
w 27 49,5 1 0,1
w 28,5 49 0,1 1
w 28 49,5 1 0,1
w 28,5 48 0,1 1
w 28,5 47 0,1 1
w 27,75 47,5 0,5 0,05
w 27,75 46,5 0,5 0,05
w 28,25 47,5 0,5 0,05
w 28,25 46,5 0,5 0,05
w 28,5 46 0,1 1
w 28 45,5 1 0,1
b 23
w 29,5 45 0,1 1
w 30 44,5 1 0,1
w 29,5 46 0,1 1
w 29,5 47 0,1 1
w 29,5 48 0,1 1
w 29,5 49 0,1 1
w 30 49,5 1 0,1
w 31 49,5 1 0,1
w 30,5 49,25 0,05 0,5
w 30,5 48,75 0,05 0,5
w 31,5 49,25 0,05 0,5
w 31,5 48,75 0,05 0,5
w 30,5 48,25 0,05 0,5
w 30,5 47,75 0,05 0,5
w 31,5 48,25 0,05 0,5
w 31,5 47,75 0,05 0,5
w 30,5 47,25 0,05 0,5
w 30,5 46,75 0,05 0,5
w 31,5 47,25 0,05 0,5
w 31,5 46,75 0,05 0,5
w 30,5 46,25 0,05 0,5
w 30,5 45,75 0,05 0,5
w 31,5 46,25 0,05 0,5
w 31,5 45,75 0,05 0,5
w 31 44,5 1 0,1
w 30,5 45,25 0,05 0,5
w 30,5 44,75 0,05 0,5
w 31,5 45,25 0,05 0,5
w 31,5 44,75 0,05 0,5
w 32 44,5 1 0,1
w 32 49,5 1 0,1
w 33,5 49 0,1 1
w 33 49,5 1 0,1
w 33,5 48 0,1 1
w 33,5 47 0,1 1
w 33,5 46 0,1 1
w 33,5 45 0,1 1
w 33 44,5 1 0,1
b 24
w 34,5 45 0,1 1
w 35 44,5 1 0,1
w 34,5 46 0,1 1
w 34,5 47 0,1 1
w 34,5 48 0,1 1
w 34,5 49 0,1 1
w 35 49,5 1 0,1
w 36 49,5 1 0,1
w 35,5 49,25 0,05 0,5
w 35,5 48,75 0,05 0,5
w 36,5 49,25 0,05 0,5
w 36,5 48,75 0,05 0,5
w 35,5 48,25 0,05 0,5
w 35,5 47,75 0,05 0,5
w 36,5 48,25 0,05 0,5
w 36,5 47,75 0,05 0,5
w 35,5 47,25 0,05 0,5
w 35,5 46,75 0,05 0,5
w 36,5 47,25 0,05 0,5
w 36,5 46,75 0,05 0,5
w 35,5 46,25 0,05 0,5
w 35,5 45,75 0,05 0,5
w 36,5 46,25 0,05 0,5
w 36,5 45,75 0,05 0,5
w 36 44,5 1 0,1
w 35,5 45,25 0,05 0,5
w 35,5 44,75 0,05 0,5
w 36,5 45,25 0,05 0,5
w 36,5 44,75 0,05 0,5
w 37 44,5 1 0,1
w 37 49,5 1 0,1
w 38,5 49 0,1 1
w 38 49,5 1 0,1
w 38,5 48 0,1 1
w 38,5 47 0,1 1
w 38,5 46 0,1 1
w 38,5 45 0,1 1
w 38 44,5 1 0,1
b 25
w 39,5 4 0,1 1
w 40 3,5 1 0,1
w 39,5 5 0,1 1
w 39,75 5,5 0,5 0,05
w 39,75 4,5 0,5 0,05
w 40,25 5,5 0,5 0,05
w 40,25 4,5 0,5 0,05
w 39,5 6 0,1 1
w 39,5 7 0,1 1
w 40 7,5 1 0,1
w 41 7,5 1 0,1
w 40,75 5,5 0,5 0,05
w 40,75 4,5 0,5 0,05
w 41,25 5,5 0,5 0,05
w 41,25 4,5 0,5 0,05
w 41 3,5 1 0,1
w 42 3,5 1 0,1
w 41,75 5,5 0,5 0,05
w 41,75 4,5 0,5 0,05
w 42,25 5,5 0,5 0,05
w 42,25 4,5 0,5 0,05
w 42 7,5 1 0,1
w 43,5 7 0,1 1
w 43 7,5 1 0,1
w 43,5 6 0,1 1
w 43,5 5 0,1 1
w 42,75 5,5 0,5 0,05
w 42,75 4,5 0,5 0,05
w 43,25 5,5 0,5 0,05
w 43,25 4,5 0,5 0,05
w 43,5 4 0,1 1
w 43 3,5 1 0,1
b 26
w 44,5 27 0,1 1
w 45 27,5 1 0,1
w 44,5 26 0,1 1
w 44,75 26,5 0,5 0,05
w 44,75 25,5 0,5 0,05
w 45,25 26,5 0,5 0,05
w 45,25 25,5 0,5 0,05
w 44,5 25 0,1 1
w 45 24,5 1 0,1
w 46 24,5 1 0,1
w 45,75 26,5 0,5 0,05
w 45,75 25,5 0,5 0,05
w 46,25 26,5 0,5 0,05
w 46,25 25,5 0,5 0,05
w 46 27,5 1 0,1
w 47 27,5 1 0,1
w 47,5 27,25 0,05 0,5
w 47,5 26,75 0,05 0,5
w 46,75 26,5 0,5 0,05
w 46,75 25,5 0,5 0,05
w 47,25 26,5 0,5 0,05
w 47,25 25,5 0,5 0,05
w 47 24,5 1 0,1
w 47,5 25,25 0,05 0,5
w 47,5 24,75 0,05 0,5
w 48 24,5 1 0,1
w 47,75 26,5 0,5 0,05
w 47,75 25,5 0,5 0,05
w 48,25 26,5 0,5 0,05
w 48,25 25,5 0,5 0,05
w 48 27,5 1 0,1
w 49,5 27 0,1 1
w 49 27,5 1 0,1
w 49,5 26 0,1 1
w 48,75 26,5 0,5 0,05
w 48,75 25,5 0,5 0,05
w 49,25 26,5 0,5 0,05
w 49,25 25,5 0,5 0,05
w 49,5 25 0,1 1
w 49 24,5 1 0,1
b 27
w 44,5 35 0,1 1
w 45 35,5 1 0,1
w 44,5 34 0,1 1
w 44,75 34,5 0,5 0,05
w 44,75 33,5 0,5 0,05
w 45,25 34,5 0,5 0,05
w 45,25 33,5 0,5 0,05
w 44,5 33 0,1 1
w 45 32,5 1 0,1
w 46 32,5 1 0,1
w 45,75 34,5 0,5 0,05
w 45,75 33,5 0,5 0,05
w 46,25 34,5 0,5 0,05
w 46,25 33,5 0,5 0,05
w 46 35,5 1 0,1
w 47 35,5 1 0,1
w 46,75 34,5 0,5 0,05
w 46,75 33,5 0,5 0,05
w 47,25 34,5 0,5 0,05
w 47,25 33,5 0,5 0,05
w 47 32,5 1 0,1
w 48 32,5 1 0,1
w 47,75 34,5 0,5 0,05
w 47,75 33,5 0,5 0,05
w 48,25 34,5 0,5 0,05
w 48,25 33,5 0,5 0,05
w 48 35,5 1 0,1
w 49,5 35 0,1 1
w 49 35,5 1 0,1
w 49,5 34 0,1 1
w 48,75 34,5 0,5 0,05
w 48,75 33,5 0,5 0,05
w 49,25 34,5 0,5 0,05
w 49,25 33,5 0,5 0,05
w 49,5 33 0,1 1
w 49 32,5 1 0,1
b 28
w 39,5 45 0,1 1
w 40 44,5 1 0,1
w 39,5 46 0,1 1
w 39,5 47 0,1 1
w 39,5 48 0,1 1
w 39,5 49 0,1 1
w 40 49,5 1 0,1
w 41 49,5 1 0,1
w 40,5 49,25 0,05 0,5
w 40,5 48,75 0,05 0,5
w 41,5 49,25 0,05 0,5
w 41,5 48,75 0,05 0,5
w 40,5 48,25 0,05 0,5
w 40,5 47,75 0,05 0,5
w 41,5 48,25 0,05 0,5
w 41,5 47,75 0,05 0,5
w 40,5 47,25 0,05 0,5
w 40,5 46,75 0,05 0,5
w 41,5 47,25 0,05 0,5
w 41,5 46,75 0,05 0,5
w 40,5 46,25 0,05 0,5
w 40,5 45,75 0,05 0,5
w 41,5 46,25 0,05 0,5
w 41,5 45,75 0,05 0,5
w 41 44,5 1 0,1
w 40,5 45,25 0,05 0,5
w 40,5 44,75 0,05 0,5
w 41,5 45,25 0,05 0,5
w 41,5 44,75 0,05 0,5
w 42 44,5 1 0,1
w 42 49,5 1 0,1
w 43,5 49 0,1 1
w 43 49,5 1 0,1
w 43,5 48 0,1 1
w 43,5 47 0,1 1
w 43,5 46 0,1 1
w 43,5 45 0,1 1
w 43 44,5 1 0,1
b 29
w 44,5 4 0,1 1
w 45 3,5 1 0,1
w 44,5 5 0,1 1
w 44,75 5,5 0,5 0,05
w 44,75 4,5 0,5 0,05
w 45,25 5,5 0,5 0,05
w 45,25 4,5 0,5 0,05
w 44,5 6 0,1 1
w 44,5 7 0,1 1
w 45 7,5 1 0,1
w 46 7,5 1 0,1
w 45,75 5,5 0,5 0,05
w 45,75 4,5 0,5 0,05
w 46,25 5,5 0,5 0,05
w 46,25 4,5 0,5 0,05
w 46 3,5 1 0,1
w 47 3,5 1 0,1
w 46,75 5,5 0,5 0,05
w 46,75 4,5 0,5 0,05
w 47,25 5,5 0,5 0,05
w 47,25 4,5 0,5 0,05
w 47 7,5 1 0,1
w 48 7,5 1 0,1
w 47,75 5,5 0,5 0,05
w 47,75 4,5 0,5 0,05
w 48,25 5,5 0,5 0,05
w 48,25 4,5 0,5 0,05
w 48 3,5 1 0,1
w 49,5 4 0,1 1
w 49 3,5 1 0,1
w 49,5 5 0,1 1
w 48,75 5,5 0,5 0,05
w 48,75 4,5 0,5 0,05
w 49,25 5,5 0,5 0,05
w 49,25 4,5 0,5 0,05
w 49,5 6 0,1 1
w 49,5 7 0,1 1
w 49 7,5 1 0,1
b 30
w 44,5 9 0,1 1
w 45 8,5 1 0,1
w 44,5 10 0,1 1
w 44,75 10,5 0,5 0,05
w 44,75 9,5 0,5 0,05
w 45,25 10,5 0,5 0,05
w 45,25 9,5 0,5 0,05
w 44,5 11 0,1 1
w 45 11,5 1 0,1
w 46 11,5 1 0,1
w 45,75 10,5 0,5 0,05
w 45,75 9,5 0,5 0,05
w 46,25 10,5 0,5 0,05
w 46,25 9,5 0,5 0,05
w 46 8,5 1 0,1
w 47 8,5 1 0,1
w 46,75 10,5 0,5 0,05
w 46,75 9,5 0,5 0,05
w 47,25 10,5 0,5 0,05
w 47,25 9,5 0,5 0,05
w 47 11,5 1 0,1
w 48 11,5 1 0,1
w 47,75 10,5 0,5 0,05
w 47,75 9,5 0,5 0,05
w 48,25 10,5 0,5 0,05
w 48,25 9,5 0,5 0,05
w 48 8,5 1 0,1
w 49,5 9 0,1 1
w 49 8,5 1 0,1
w 49,5 10 0,1 1
w 48,75 10,5 0,5 0,05
w 48,75 9,5 0,5 0,05
w 49,25 10,5 0,5 0,05
w 49,25 9,5 0,5 0,05
w 49,5 11 0,1 1
w 49 11,5 1 0,1
b 31
w 44,5 13 0,1 1
w 45 12,5 1 0,1
w 44,5 14 0,1 1
w 44,75 14,5 0,5 0,05
w 44,75 13,5 0,5 0,05
w 45,25 14,5 0,5 0,05
w 45,25 13,5 0,5 0,05
w 44,5 15 0,1 1
w 45 15,5 1 0,1
w 46 15,5 1 0,1
w 45,75 14,5 0,5 0,05
w 45,75 13,5 0,5 0,05
w 46,25 14,5 0,5 0,05
w 46,25 13,5 0,5 0,05
w 46 12,5 1 0,1
w 47 12,5 1 0,1
w 46,75 14,5 0,5 0,05
w 46,75 13,5 0,5 0,05
w 47,25 14,5 0,5 0,05
w 47,25 13,5 0,5 0,05
w 47 15,5 1 0,1
w 48 15,5 1 0,1
w 47,75 14,5 0,5 0,05
w 47,75 13,5 0,5 0,05
w 48,25 14,5 0,5 0,05
w 48,25 13,5 0,5 0,05
w 48 12,5 1 0,1
w 49,5 13 0,1 1
w 49 12,5 1 0,1
w 49,5 14 0,1 1
w 48,75 14,5 0,5 0,05
w 48,75 13,5 0,5 0,05
w 49,25 14,5 0,5 0,05
w 49,25 13,5 0,5 0,05
w 49,5 15 0,1 1
w 49 15,5 1 0,1
b 32
w 44,5 17 0,1 1
w 45 16,5 1 0,1
w 44,5 18 0,1 1
w 44,75 18,5 0,5 0,05
w 44,75 17,5 0,5 0,05
w 45,25 18,5 0,5 0,05
w 45,25 17,5 0,5 0,05
w 44,5 19 0,1 1
w 45 19,5 1 0,1
w 46 19,5 1 0,1
w 45,75 18,5 0,5 0,05
w 45,75 17,5 0,5 0,05
w 46,25 18,5 0,5 0,05
w 46,25 17,5 0,5 0,05
w 46 16,5 1 0,1
w 47 16,5 1 0,1
w 46,75 18,5 0,5 0,05
w 46,75 17,5 0,5 0,05
w 47,25 18,5 0,5 0,05
w 47,25 17,5 0,5 0,05
w 47 19,5 1 0,1
w 48 19,5 1 0,1
w 47,75 18,5 0,5 0,05
w 47,75 17,5 0,5 0,05
w 48,25 18,5 0,5 0,05
w 48,25 17,5 0,5 0,05
w 48 16,5 1 0,1
w 49,5 17 0,1 1
w 49 16,5 1 0,1
w 49,5 18 0,1 1
w 48,75 18,5 0,5 0,05
w 48,75 17,5 0,5 0,05
w 49,25 18,5 0,5 0,05
w 49,25 17,5 0,5 0,05
w 49,5 19 0,1 1
w 49 19,5 1 0,1
b 33
w 44,5 21 0,1 1
w 45 20,5 1 0,1
w 44,5 22 0,1 1
w 44,75 22,5 0,5 0,05
w 44,75 21,5 0,5 0,05
w 45,25 22,5 0,5 0,05
w 45,25 21,5 0,5 0,05
w 44,5 23 0,1 1
w 45 23,5 1 0,1
w 46 23,5 1 0,1
w 45,75 22,5 0,5 0,05
w 45,75 21,5 0,5 0,05
w 46,25 22,5 0,5 0,05
w 46,25 21,5 0,5 0,05
w 46 20,5 1 0,1
w 47 20,5 1 0,1
w 46,75 22,5 0,5 0,05
w 46,75 21,5 0,5 0,05
w 47,25 22,5 0,5 0,05
w 47,25 21,5 0,5 0,05
w 47 23,5 1 0,1
w 48 23,5 1 0,1
w 47,75 22,5 0,5 0,05
w 47,75 21,5 0,5 0,05
w 48,25 22,5 0,5 0,05
w 48,25 21,5 0,5 0,05
w 48 20,5 1 0,1
w 49,5 21 0,1 1
w 49 20,5 1 0,1
w 49,5 22 0,1 1
w 48,75 22,5 0,5 0,05
w 48,75 21,5 0,5 0,05
w 49,25 22,5 0,5 0,05
w 49,25 21,5 0,5 0,05
w 49,5 23 0,1 1
w 49 23,5 1 0,1
b 34
w 44,5 29 0,1 1
w 45 28,5 1 0,1
w 44,5 30 0,1 1
w 44,75 30,5 0,5 0,05
w 44,75 29,5 0,5 0,05
w 45,25 30,5 0,5 0,05
w 45,25 29,5 0,5 0,05
w 44,5 31 0,1 1
w 45 31,5 1 0,1
w 46 31,5 1 0,1
w 46,5 31,25 0,05 0,5
w 46,5 30,75 0,05 0,5
w 45,75 30,5 0,5 0,05
w 45,75 29,5 0,5 0,05
w 46,25 30,5 0,5 0,05
w 46,25 29,5 0,5 0,05
w 46 28,5 1 0,1
w 46,5 29,25 0,05 0,5
w 46,5 28,75 0,05 0,5
w 47 28,5 1 0,1
w 47,5 29,25 0,05 0,5
w 47,5 28,75 0,05 0,5
w 46,75 30,5 0,5 0,05
w 46,75 29,5 0,5 0,05
w 47,25 30,5 0,5 0,05
w 47,25 29,5 0,5 0,05
w 47 31,5 1 0,1
w 47,5 31,25 0,05 0,5
w 47,5 30,75 0,05 0,5
w 48 31,5 1 0,1
w 47,75 30,5 0,5 0,05
w 47,75 29,5 0,5 0,05
w 48,25 30,5 0,5 0,05
w 48,25 29,5 0,5 0,05
w 48 28,5 1 0,1
w 49,5 29 0,1 1
w 49 28,5 1 0,1
w 49,5 30 0,1 1
w 48,75 30,5 0,5 0,05
w 48,75 29,5 0,5 0,05
w 49,25 30,5 0,5 0,05
w 49,25 29,5 0,5 0,05
w 49,5 31 0,1 1
w 49 31,5 1 0,1
b 35
w 44,5 37 0,1 1
w 45 36,5 1 0,1
w 44,5 38 0,1 1
w 44,75 38,5 0,5 0,05
w 44,75 37,5 0,5 0,05
w 45,25 38,5 0,5 0,05
w 45,25 37,5 0,5 0,05
w 44,5 39 0,1 1
w 45 39,5 1 0,1
w 46 39,5 1 0,1
w 46,5 39,25 0,05 0,5
w 46,5 38,75 0,05 0,5
w 45,75 38,5 0,5 0,05
w 45,75 37,5 0,5 0,05
w 46,25 38,5 0,5 0,05
w 46,25 37,5 0,5 0,05
w 46 36,5 1 0,1
w 46,5 37,25 0,05 0,5
w 46,5 36,75 0,05 0,5
w 47 36,5 1 0,1
w 46,75 38,5 0,5 0,05
w 46,75 37,5 0,5 0,05
w 47,25 38,5 0,5 0,05
w 47,25 37,5 0,5 0,05
w 47 39,5 1 0,1
w 48 39,5 1 0,1
w 47,75 38,5 0,5 0,05
w 47,75 37,5 0,5 0,05
w 48,25 38,5 0,5 0,05
w 48,25 37,5 0,5 0,05
w 48 36,5 1 0,1
w 49,5 37 0,1 1
w 49 36,5 1 0,1
w 49,5 38 0,1 1
w 48,75 38,5 0,5 0,05
w 48,75 37,5 0,5 0,05
w 49,25 38,5 0,5 0,05
w 49,25 37,5 0,5 0,05
w 49,5 39 0,1 1
w 49 39,5 1 0,1
b 36
w 44,5 46 0,1 1
w 45 45,5 1 0,1
w 44,5 47 0,1 1
w 44,75 47,5 0,5 0,05
w 44,75 46,5 0,5 0,05
w 45,25 47,5 0,5 0,05
w 45,25 46,5 0,5 0,05
w 44,5 48 0,1 1
w 44,5 49 0,1 1
w 45 49,5 1 0,1
w 46 49,5 1 0,1
w 45,75 47,5 0,5 0,05
w 45,75 46,5 0,5 0,05
w 46,25 47,5 0,5 0,05
w 46,25 46,5 0,5 0,05
w 46 45,5 1 0,1
w 47 45,5 1 0,1
w 46,75 47,5 0,5 0,05
w 46,75 46,5 0,5 0,05
w 47,25 47,5 0,5 0,05
w 47,25 46,5 0,5 0,05
w 47 49,5 1 0,1
w 48 49,5 1 0,1
w 47,75 47,5 0,5 0,05
w 47,75 46,5 0,5 0,05
w 48,25 47,5 0,5 0,05
w 48,25 46,5 0,5 0,05
w 48 45,5 1 0,1
w 49,5 46 0,1 1
w 49 45,5 1 0,1
w 49,5 47 0,1 1
w 48,75 47,5 0,5 0,05
w 48,75 46,5 0,5 0,05
w 49,25 47,5 0,5 0,05
w 49,25 46,5 0,5 0,05
w 49,5 48 0,1 1
w 49,5 49 0,1 1
w 49 49,5 1 0,1
b 37
w -0,5 8 0,1 1
w 0 7,5 1 0,1
w -0,5 9 0,1 1
w -0,25 9,5 0,5 0,05
w -0,25 8,5 0,5 0,05
w 0,25 9,5 0,5 0,05
w 0,25 8,5 0,5 0,05
w -0,5 10 0,1 1
w 0 10,5 1 0,1
w 1 10,5 1 0,1
w 0,75 9,5 0,5 0,05
w 0,75 8,5 0,5 0,05
w 1,25 9,5 0,5 0,05
w 1,25 8,5 0,5 0,05
w 1 7,5 1 0,1
w 2 7,5 1 0,1
w 1,75 9,5 0,5 0,05
w 1,75 8,5 0,5 0,05
w 2,25 9,5 0,5 0,05
w 2,25 8,5 0,5 0,05
w 2 10,5 1 0,1
w 3,5 10 0,1 1
w 3 10,5 1 0,1
w 3,5 9 0,1 1
w 2,75 9,5 0,5 0,05
w 2,75 8,5 0,5 0,05
w 3,25 9,5 0,5 0,05
w 3,25 8,5 0,5 0,05
w 3,5 8 0,1 1
w 3 7,5 1 0,1
b 38
w -0,5 21 0,1 1
w 0 20,5 1 0,1
w -0,5 22 0,1 1
w -0,25 22,5 0,5 0,05
w -0,25 21,5 0,5 0,05
w 0,25 22,5 0,5 0,05
w 0,25 21,5 0,5 0,05
w -0,5 23 0,1 1
w 0 23,5 1 0,1
w 1 23,5 1 0,1
w 0,75 22,5 0,5 0,05
w 0,75 21,5 0,5 0,05
w 1,25 22,5 0,5 0,05
w 1,25 21,5 0,5 0,05
w 1 20,5 1 0,1
w 2 20,5 1 0,1
w 2,5 21,25 0,05 0,5
w 2,5 20,75 0,05 0,5
w 1,75 22,5 0,5 0,05
w 1,75 21,5 0,5 0,05
w 2,25 22,5 0,5 0,05
w 2,25 21,5 0,5 0,05
w 2 23,5 1 0,1
w 2,5 23,25 0,05 0,5
w 2,5 22,75 0,05 0,5
w 3 23,5 1 0,1
w 2,75 22,5 0,5 0,05
w 2,75 21,5 0,5 0,05
w 3,25 22,5 0,5 0,05
w 3,25 21,5 0,5 0,05
w 3 20,5 1 0,1
w 4,5 21 0,1 1
w 4 20,5 1 0,1
w 4,5 22 0,1 1
w 3,75 22,5 0,5 0,05
w 3,75 21,5 0,5 0,05
w 4,25 22,5 0,5 0,05
w 4,25 21,5 0,5 0,05
w 4,5 23 0,1 1
w 4 23,5 1 0,1
b 39
w -0,5 25 0,1 1
w 0 24,5 1 0,1
w -0,5 26 0,1 1
w -0,25 26,5 0,5 0,05
w -0,25 25,5 0,5 0,05
w 0,25 26,5 0,5 0,05
w 0,25 25,5 0,5 0,05
w -0,5 27 0,1 1
w 0 27,5 1 0,1
w 1 27,5 1 0,1
w 1,5 27,25 0,05 0,5
w 1,5 26,75 0,05 0,5
w 0,75 26,5 0,5 0,05
w 0,75 25,5 0,5 0,05
w 1,25 26,5 0,5 0,05
w 1,25 25,5 0,5 0,05
w 1 24,5 1 0,1
w 1,5 25,25 0,05 0,5
w 1,5 24,75 0,05 0,5
w 2 24,5 1 0,1
w 1,75 26,5 0,5 0,05
w 1,75 25,5 0,5 0,05
w 2,25 26,5 0,5 0,05
w 2,25 25,5 0,5 0,05
w 2 27,5 1 0,1
w 3 27,5 1 0,1
w 2,75 26,5 0,5 0,05
w 2,75 25,5 0,5 0,05
w 3,25 26,5 0,5 0,05
w 3,25 25,5 0,5 0,05
w 3 24,5 1 0,1
w 4,5 25 0,1 1
w 4 24,5 1 0,1
w 4,5 26 0,1 1
w 3,75 26,5 0,5 0,05
w 3,75 25,5 0,5 0,05
w 4,25 26,5 0,5 0,05
w 4,25 25,5 0,5 0,05
w 4,5 27 0,1 1
w 4 27,5 1 0,1
b 40
w 4,5 27 0,1 1
w 4,5 28 0,1 1
w 5 28,5 1 0,1
w 6 28,5 1 0,1
w 5,75 26,5 0,5 0,05
w 5,75 25,5 0,5 0,05
w 6,25 26,5 0,5 0,05
w 6,25 25,5 0,5 0,05
w 4,5 26 0,1 1
w 4,75 26,5 0,5 0,05
w 4,75 25,5 0,5 0,05
w 5,25 26,5 0,5 0,05
w 5,25 25,5 0,5 0,05
w 4,5 25 0,1 1
w 5 24,5 1 0,1
w 6 24,5 1 0,1
w 7 24,5 1 0,1
w 6,75 26,5 0,5 0,05
w 6,75 25,5 0,5 0,05
w 7,25 26,5 0,5 0,05
w 7,25 25,5 0,5 0,05
w 7 28,5 1 0,1
w 8,5 28 0,1 1
w 8 28,5 1 0,1
w 8,5 27 0,1 1
w 8,5 26 0,1 1
w 7,75 26,5 0,5 0,05
w 7,75 25,5 0,5 0,05
w 8,25 26,5 0,5 0,05
w 8,25 25,5 0,5 0,05
w 8,5 25 0,1 1
w 8 24,5 1 0,1
b 41
w 4,5 37 0,1 1
w 5 36,5 1 0,1
w 4,5 38 0,1 1
w 4,75 38,5 0,5 0,05
w 4,75 37,5 0,5 0,05
w 5,25 38,5 0,5 0,05
w 5,25 37,5 0,5 0,05
w 4,5 39 0,1 1
w 5 39,5 1 0,1
w 6 39,5 1 0,1
w 5,75 38,5 0,5 0,05
w 5,75 37,5 0,5 0,05
w 6,25 38,5 0,5 0,05
w 6,25 37,5 0,5 0,05
w 6 36,5 1 0,1
w 7,5 37 0,1 1
w 7 36,5 1 0,1
w 7,5 38 0,1 1
w 6,75 38,5 0,5 0,05
w 6,75 37,5 0,5 0,05
w 7,25 38,5 0,5 0,05
w 7,25 37,5 0,5 0,05
w 7,5 39 0,1 1
w 7 39,5 1 0,1
b 42
w 7,5 39 0,1 1
w 8 39,5 1 0,1
w 7,5 38 0,1 1
w 7,75 38,5 0,5 0,05
w 7,75 37,5 0,5 0,05
w 8,25 38,5 0,5 0,05
w 8,25 37,5 0,5 0,05
w 7,5 37 0,1 1
w 8 36,5 1 0,1
w 9 36,5 1 0,1
w 9,5 37,25 0,05 0,5
w 9,5 36,75 0,05 0,5
w 8,75 38,5 0,5 0,05
w 8,75 37,5 0,5 0,05
w 9,25 38,5 0,5 0,05
w 9,25 37,5 0,5 0,05
w 9 39,5 1 0,1
w 9,5 39,25 0,05 0,5
w 9,5 38,75 0,05 0,5
w 10 39,5 1 0,1
w 10,5 39,25 0,05 0,5
w 10,5 38,75 0,05 0,5
w 9,75 38,5 0,5 0,05
w 9,75 37,5 0,5 0,05
w 10,25 38,5 0,5 0,05
w 10,25 37,5 0,5 0,05
w 10 36,5 1 0,1
w 10,5 37,25 0,05 0,5
w 10,5 36,75 0,05 0,5
w 11 36,5 1 0,1
w 10,75 38,5 0,5 0,05
w 10,75 37,5 0,5 0,05
w 11,25 38,5 0,5 0,05
w 11,25 37,5 0,5 0,05
w 11 39,5 1 0,1
w 12 39,5 1 0,1
w 11,75 38,5 0,5 0,05
w 11,75 37,5 0,5 0,05
w 12,25 38,5 0,5 0,05
w 12,25 37,5 0,5 0,05
w 12 36,5 1 0,1
w 13,5 37 0,1 1
w 13 36,5 1 0,1
w 13,5 38 0,1 1
w 12,75 38,5 0,5 0,05
w 12,75 37,5 0,5 0,05
w 13,25 38,5 0,5 0,05
w 13,25 37,5 0,5 0,05
w 13,5 39 0,1 1
w 13 39,5 1 0,1
b 43
w -0,5 41 0,1 1
w 0 40,5 1 0,1
w -0,5 42 0,1 1
w -0,25 42,5 0,5 0,05
w -0,25 41,5 0,5 0,05
w 0,25 42,5 0,5 0,05
w 0,25 41,5 0,5 0,05
w -0,5 43 0,1 1
w -0,5 44 0,1 1
w 0 44,5 1 0,1
w 1 44,5 1 0,1
w 0,75 42,5 0,5 0,05
w 0,75 41,5 0,5 0,05
w 1,25 42,5 0,5 0,05
w 1,25 41,5 0,5 0,05
w 1 40,5 1 0,1
w 2 40,5 1 0,1
w 1,75 42,5 0,5 0,05
w 1,75 41,5 0,5 0,05
w 2,25 42,5 0,5 0,05
w 2,25 41,5 0,5 0,05
w 2 44,5 1 0,1
w 3,5 44 0,1 1
w 3 44,5 1 0,1
w 3,5 43 0,1 1
w 3,5 42 0,1 1
w 2,75 42,5 0,5 0,05
w 2,75 41,5 0,5 0,05
w 3,25 42,5 0,5 0,05
w 3,25 41,5 0,5 0,05
w 3,5 41 0,1 1
w 3 40,5 1 0,1
b 44
w 21,5 28 0,1 1
w 22 27,5 1 0,1
w 21,5 29 0,1 1
w 21,75 29,5 0,5 0,05
w 21,75 28,5 0,5 0,05
w 22,25 29,5 0,5 0,05
w 22,25 28,5 0,5 0,05
w 21,5 30 0,1 1
w 21,5 31 0,1 1
w 22 31,5 1 0,1
w 23 31,5 1 0,1
w 22,75 29,5 0,5 0,05
w 22,75 28,5 0,5 0,05
w 23,25 29,5 0,5 0,05
w 23,25 28,5 0,5 0,05
w 23 27,5 1 0,1
w 24 27,5 1 0,1
w 23,75 29,5 0,5 0,05
w 23,75 28,5 0,5 0,05
w 24,25 29,5 0,5 0,05
w 24,25 28,5 0,5 0,05
w 24 31,5 1 0,1
w 25 31,5 1 0,1
w 24,75 29,5 0,5 0,05
w 24,75 28,5 0,5 0,05
w 25,25 29,5 0,5 0,05
w 25,25 28,5 0,5 0,05
w 25 27,5 1 0,1
w 26,5 28 0,1 1
w 26 27,5 1 0,1
w 26,5 29 0,1 1
w 25,75 29,5 0,5 0,05
w 25,75 28,5 0,5 0,05
w 26,25 29,5 0,5 0,05
w 26,25 28,5 0,5 0,05
w 26,5 30 0,1 1
w 26,5 31 0,1 1
w 26 31,5 1 0,1
b 45
w 29,5 39 0,1 1
w 30 38,5 1 0,1
w 29,5 40 0,1 1
w 29,5 41 0,1 1
w 29,5 42 0,1 1
w 29,5 43 0,1 1
w 30 43,5 1 0,1
w 31 43,5 1 0,1
w 30,5 43,25 0,05 0,5
w 30,5 42,75 0,05 0,5
w 31,5 43,25 0,05 0,5
w 31,5 42,75 0,05 0,5
w 30,5 42,25 0,05 0,5
w 30,5 41,75 0,05 0,5
w 31,5 42,25 0,05 0,5
w 31,5 41,75 0,05 0,5
w 30,5 41,25 0,05 0,5
w 30,5 40,75 0,05 0,5
w 31,5 41,25 0,05 0,5
w 31,5 40,75 0,05 0,5
w 30,5 40,25 0,05 0,5
w 30,5 39,75 0,05 0,5
w 31,5 40,25 0,05 0,5
w 31,5 39,75 0,05 0,5
w 31 38,5 1 0,1
w 30,5 39,25 0,05 0,5
w 30,5 38,75 0,05 0,5
w 31,5 39,25 0,05 0,5
w 31,5 38,75 0,05 0,5
w 32 38,5 1 0,1
w 32 43,5 1 0,1
w 33,5 43 0,1 1
w 33 43,5 1 0,1
w 33,5 42 0,1 1
w 33,5 41 0,1 1
w 33,5 40 0,1 1
w 33,5 39 0,1 1
w 33 38,5 1 0,1
b 46
w 33,5 29 0,1 1
w 34 28,5 1 0,1
w 33,5 30 0,1 1
w 33,75 30,5 0,5 0,05
w 33,75 29,5 0,5 0,05
w 34,25 30,5 0,5 0,05
w 34,25 29,5 0,5 0,05
w 33,5 31 0,1 1
w 33,5 32 0,1 1
w 34 32,5 1 0,1
w 35 32,5 1 0,1
w 34,75 30,5 0,5 0,05
w 34,75 29,5 0,5 0,05
w 35,25 30,5 0,5 0,05
w 35,25 29,5 0,5 0,05
w 35 28,5 1 0,1
w 36 28,5 1 0,1
w 35,75 30,5 0,5 0,05
w 35,75 29,5 0,5 0,05
w 36,25 30,5 0,5 0,05
w 36,25 29,5 0,5 0,05
w 36 32,5 1 0,1
w 37 32,5 1 0,1
w 36,75 30,5 0,5 0,05
w 36,75 29,5 0,5 0,05
w 37,25 30,5 0,5 0,05
w 37,25 29,5 0,5 0,05
w 37 28,5 1 0,1
w 38,5 29 0,1 1
w 38 28,5 1 0,1
w 38,5 30 0,1 1
w 37,75 30,5 0,5 0,05
w 37,75 29,5 0,5 0,05
w 38,25 30,5 0,5 0,05
w 38,25 29,5 0,5 0,05
w 38,5 31 0,1 1
w 38,5 32 0,1 1
w 38 32,5 1 0,1
b 47
w 33,5 33 0,1 1
w 34 32,5 1 0,1
w 33,5 34 0,1 1
w 33,5 35 0,1 1
w 33,75 35,5 0,5 0,05
w 34,25 35,5 0,5 0,05
w 33,5 36 0,1 1
w 33,5 37 0,1 1
w 33,5 38 0,1 1
w 34 38,5 1 0,1
w 35 38,5 1 0,1
w 34,75 35,5 0,5 0,05
w 35,25 35,5 0,5 0,05
w 35 32,5 1 0,1
w 36 32,5 1 0,1
w 35,5 33,25 0,05 0,5
w 35,5 32,75 0,05 0,5
w 36,5 33,25 0,05 0,5
w 36,5 32,75 0,05 0,5
w 35,5 34,25 0,05 0,5
w 35,5 33,75 0,05 0,5
w 36,5 34,25 0,05 0,5
w 36,5 33,75 0,05 0,5
w 35,5 35,25 0,05 0,5
w 35,5 34,75 0,05 0,5
w 36,5 35,25 0,05 0,5
w 36,5 34,75 0,05 0,5
w 35,5 36,25 0,05 0,5
w 35,5 35,75 0,05 0,5
w 36,5 36,25 0,05 0,5
w 36,5 35,75 0,05 0,5
w 35,5 37,25 0,05 0,5
w 35,5 36,75 0,05 0,5
w 36,5 37,25 0,05 0,5
w 36,5 36,75 0,05 0,5
w 36 38,5 1 0,1
w 35,5 38,25 0,05 0,5
w 35,5 37,75 0,05 0,5
w 36,5 38,25 0,05 0,5
w 36,5 37,75 0,05 0,5
w 37 38,5 1 0,1
w 36,75 35,5 0,5 0,05
w 37,25 35,5 0,5 0,05
w 37 32,5 1 0,1
w 38,5 33 0,1 1
w 38 32,5 1 0,1
w 38,5 34 0,1 1
w 38,5 35 0,1 1
w 37,75 35,5 0,5 0,05
w 38,25 35,5 0,5 0,05
w 38,5 36 0,1 1
w 38,5 37 0,1 1
w 38,5 38 0,1 1
w 38 38,5 1 0,1
b 48
w 4,5 45 0,1 1
w 5 44,5 1 0,1
w 4,5 46 0,1 1
w 4,5 47 0,1 1
w 4,5 48 0,1 1
w 4,5 49 0,1 1
w 5 49,5 1 0,1
w 6 49,5 1 0,1
w 5,5 49,25 0,05 0,5
w 5,5 48,75 0,05 0,5
w 6,5 49,25 0,05 0,5
w 6,5 48,75 0,05 0,5
w 5,5 48,25 0,05 0,5
w 5,5 47,75 0,05 0,5
w 6,5 48,25 0,05 0,5
w 6,5 47,75 0,05 0,5
w 5,5 47,25 0,05 0,5
w 5,5 46,75 0,05 0,5
w 6,5 47,25 0,05 0,5
w 6,5 46,75 0,05 0,5
w 5,5 46,25 0,05 0,5
w 5,5 45,75 0,05 0,5
w 6,5 46,25 0,05 0,5
w 6,5 45,75 0,05 0,5
w 6 44,5 1 0,1
w 5,5 45,25 0,05 0,5
w 5,5 44,75 0,05 0,5
w 6,5 45,25 0,05 0,5
w 6,5 44,75 0,05 0,5
w 7 44,5 1 0,1
w 7 49,5 1 0,1
w 8,5 49 0,1 1
w 8 49,5 1 0,1
w 8,5 48 0,1 1
w 8,5 47 0,1 1
w 8,5 46 0,1 1
w 8,5 45 0,1 1
w 8 44,5 1 0,1
b 49
w 9,5 0 0,1 1
w 10 -0,5 1 0,1
w 9,5 1 0,1 1
w 9,75 1,5 0,5 0,05
w 9,75 0,5 0,5 0,05
w 10,25 1,5 0,5 0,05
w 10,25 0,5 0,5 0,05
w 9,5 2 0,1 1
w 9,5 3 0,1 1
w 10 3,5 1 0,1
w 11 3,5 1 0,1
w 10,75 1,5 0,5 0,05
w 10,75 0,5 0,5 0,05
w 11,25 1,5 0,5 0,05
w 11,25 0,5 0,5 0,05
w 11 -0,5 1 0,1
w 12 -0,5 1 0,1
w 11,75 1,5 0,5 0,05
w 11,75 0,5 0,5 0,05
w 12,25 1,5 0,5 0,05
w 12,25 0,5 0,5 0,05
w 12 3,5 1 0,1
w 13,5 3 0,1 1
w 13 3,5 1 0,1
w 13,5 2 0,1 1
w 13,5 1 0,1 1
w 12,75 1,5 0,5 0,05
w 12,75 0,5 0,5 0,05
w 13,25 1,5 0,5 0,05
w 13,25 0,5 0,5 0,05
w 13,5 0 0,1 1
w 13 -0,5 1 0,1
b 50
w 9,5 9 0,1 1
w 10 8,5 1 0,1
w 9,5 10 0,1 1
w 9,75 10,5 0,5 0,05
w 9,75 9,5 0,5 0,05
w 10,25 10,5 0,5 0,05
w 10,25 9,5 0,5 0,05
w 9,5 11 0,1 1
w 10 11,5 1 0,1
w 11 11,5 1 0,1
w 10,75 10,5 0,5 0,05
w 10,75 9,5 0,5 0,05
w 11,25 10,5 0,5 0,05
w 11,25 9,5 0,5 0,05
w 11 8,5 1 0,1
w 12 8,5 1 0,1
w 11,75 10,5 0,5 0,05
w 11,75 9,5 0,5 0,05
w 12,25 10,5 0,5 0,05
w 12,25 9,5 0,5 0,05
w 12 11,5 1 0,1
w 13 11,5 1 0,1
w 12,75 10,5 0,5 0,05
w 12,75 9,5 0,5 0,05
w 13,25 10,5 0,5 0,05
w 13,25 9,5 0,5 0,05
w 13 8,5 1 0,1
w 14,5 9 0,1 1
w 14 8,5 1 0,1
w 14,5 10 0,1 1
w 13,75 10,5 0,5 0,05
w 13,75 9,5 0,5 0,05
w 14,25 10,5 0,5 0,05
w 14,25 9,5 0,5 0,05
w 14,5 11 0,1 1
w 14 11,5 1 0,1
b 51
w 14,5 4 0,1 1
w 15 4,5 1 0,1
w 14,5 3 0,1 1
w 14,5 2 0,1 1
w 14,75 2,5 0,5 0,05
w 15,25 2,5 0,5 0,05
w 14,5 1 0,1 1
w 14,5 0 0,1 1
w 15 -0,5 1 0,1
w 16 -0,5 1 0,1
w 15,5 0,25 0,05 0,5
w 15,5 -0,25 0,05 0,5
w 16,5 0,25 0,05 0,5
w 16,5 -0,25 0,05 0,5
w 15,5 1,25 0,05 0,5
w 15,5 0,75 0,05 0,5
w 16,5 1,25 0,05 0,5
w 16,5 0,75 0,05 0,5
w 15,5 2,25 0,05 0,5
w 15,5 1,75 0,05 0,5
w 16,5 2,25 0,05 0,5
w 16,5 1,75 0,05 0,5
w 15,5 3,25 0,05 0,5
w 15,5 2,75 0,05 0,5
w 16,5 3,25 0,05 0,5
w 16,5 2,75 0,05 0,5
w 16 4,5 1 0,1
w 15,5 4,25 0,05 0,5
w 15,5 3,75 0,05 0,5
w 16,5 4,25 0,05 0,5
w 16,5 3,75 0,05 0,5
w 17 4,5 1 0,1
w 16,75 2,5 0,5 0,05
w 17,25 2,5 0,5 0,05
w 17 -0,5 1 0,1
w 18,5 0 0,1 1
w 18 -0,5 1 0,1
w 18,5 1 0,1 1
w 18,5 2 0,1 1
w 17,75 2,5 0,5 0,05
w 18,25 2,5 0,5 0,05
w 18,5 3 0,1 1
w 18,5 4 0,1 1
w 18 4,5 1 0,1
b 52
w 14,5 8 0,1 1
w 15 8,5 1 0,1
w 14,5 7 0,1 1
w 14,5 6 0,1 1
w 14,75 6,5 0,5 0,05
w 14,75 5,5 0,5 0,05
w 15,25 6,5 0,5 0,05
w 15,25 5,5 0,5 0,05
w 14,5 5 0,1 1
w 15 4,5 1 0,1
w 16 4,5 1 0,1
w 15,75 6,5 0,5 0,05
w 15,75 5,5 0,5 0,05
w 16,25 6,5 0,5 0,05
w 16,25 5,5 0,5 0,05
w 16 8,5 1 0,1
w 17 8,5 1 0,1
w 16,75 6,5 0,5 0,05
w 16,75 5,5 0,5 0,05
w 17,25 6,5 0,5 0,05
w 17,25 5,5 0,5 0,05
w 17 4,5 1 0,1
w 18,5 5 0,1 1
w 18 4,5 1 0,1
w 18,5 6 0,1 1
w 17,75 6,5 0,5 0,05
w 17,75 5,5 0,5 0,05
w 18,25 6,5 0,5 0,05
w 18,25 5,5 0,5 0,05
w 18,5 7 0,1 1
w 18,5 8 0,1 1
w 18 8,5 1 0,1
b 53
w 14,5 33 0,1 1
w 15 32,5 1 0,1
w 14,5 34 0,1 1
w 14,75 34,5 0,5 0,05
w 14,75 33,5 0,5 0,05
w 15,25 34,5 0,5 0,05
w 15,25 33,5 0,5 0,05
w 14,5 35 0,1 1
w 15 35,5 1 0,1
w 16 35,5 1 0,1
w 15,75 34,5 0,5 0,05
w 15,75 33,5 0,5 0,05
w 16,25 34,5 0,5 0,05
w 16,25 33,5 0,5 0,05
w 16 32,5 1 0,1
w 17 32,5 1 0,1
w 16,75 34,5 0,5 0,05
w 16,75 33,5 0,5 0,05
w 17,25 34,5 0,5 0,05
w 17,25 33,5 0,5 0,05
w 17 35,5 1 0,1
w 18 35,5 1 0,1
w 18,5 35,25 0,05 0,5
w 18,5 34,75 0,05 0,5
w 17,75 34,5 0,5 0,05
w 17,75 33,5 0,5 0,05
w 18,25 34,5 0,5 0,05
w 18,25 33,5 0,5 0,05
w 18 32,5 1 0,1
w 18,5 33,25 0,05 0,5
w 18,5 32,75 0,05 0,5
w 19 32,5 1 0,1
w 18,75 34,5 0,5 0,05
w 18,75 33,5 0,5 0,05
w 19,25 34,5 0,5 0,05
w 19,25 33,5 0,5 0,05
w 19 35,5 1 0,1
w 20 35,5 1 0,1
w 19,75 34,5 0,5 0,05
w 19,75 33,5 0,5 0,05
w 20,25 34,5 0,5 0,05
w 20,25 33,5 0,5 0,05
w 20 32,5 1 0,1
w 21,5 33 0,1 1
w 21 32,5 1 0,1
w 21,5 34 0,1 1
w 20,75 34,5 0,5 0,05
w 20,75 33,5 0,5 0,05
w 21,25 34,5 0,5 0,05
w 21,25 33,5 0,5 0,05
w 21,5 35 0,1 1
w 21 35,5 1 0,1
b 54
w 14,5 41 0,1 1
w 15 40,5 1 0,1
w 14,5 42 0,1 1
w 14,75 42,5 0,5 0,05
w 14,75 41,5 0,5 0,05
w 15,25 42,5 0,5 0,05
w 15,25 41,5 0,5 0,05
w 14,5 43 0,1 1
w 15 43,5 1 0,1
w 16 43,5 1 0,1
w 15,75 42,5 0,5 0,05
w 15,75 41,5 0,5 0,05
w 16,25 42,5 0,5 0,05
w 16,25 41,5 0,5 0,05
w 16 40,5 1 0,1
w 17 40,5 1 0,1
w 16,75 42,5 0,5 0,05
w 16,75 41,5 0,5 0,05
w 17,25 42,5 0,5 0,05
w 17,25 41,5 0,5 0,05
w 17 43,5 1 0,1
w 18 43,5 1 0,1
w 17,75 42,5 0,5 0,05
w 17,75 41,5 0,5 0,05
w 18,25 42,5 0,5 0,05
w 18,25 41,5 0,5 0,05
w 18 40,5 1 0,1
w 19,5 41 0,1 1
w 19 40,5 1 0,1
w 19,5 42 0,1 1
w 18,75 42,5 0,5 0,05
w 18,75 41,5 0,5 0,05
w 19,25 42,5 0,5 0,05
w 19,25 41,5 0,5 0,05
w 19,5 43 0,1 1
w 19 43,5 1 0,1
b 55
w 14,5 45 0,1 1
w 15 44,5 1 0,1
w 14,5 46 0,1 1
w 14,5 47 0,1 1
w 14,75 47,5 0,5 0,05
w 14,75 46,5 0,5 0,05
w 15,25 47,5 0,5 0,05
w 15,25 46,5 0,5 0,05
w 14,5 48 0,1 1
w 14,5 49 0,1 1
w 15 49,5 1 0,1
w 16 49,5 1 0,1
w 15,75 47,5 0,5 0,05
w 15,75 46,5 0,5 0,05
w 16,25 47,5 0,5 0,05
w 16,25 46,5 0,5 0,05
w 16 44,5 1 0,1
w 17 44,5 1 0,1
w 16,75 47,5 0,5 0,05
w 16,75 46,5 0,5 0,05
w 17,25 47,5 0,5 0,05
w 17,25 46,5 0,5 0,05
w 17 49,5 1 0,1
w 18 49,5 1 0,1
w 17,75 47,5 0,5 0,05
w 17,75 46,5 0,5 0,05
w 18,25 47,5 0,5 0,05
w 18,25 46,5 0,5 0,05
w 18 44,5 1 0,1
w 19,5 45 0,1 1
w 19 44,5 1 0,1
w 19,5 46 0,1 1
w 19,5 47 0,1 1
w 18,75 47,5 0,5 0,05
w 18,75 46,5 0,5 0,05
w 19,25 47,5 0,5 0,05
w 19,25 46,5 0,5 0,05
w 19,5 48 0,1 1
w 19,5 49 0,1 1
w 19 49,5 1 0,1
b 56
w 24,5 15 0,1 1
w 25 15,5 1 0,1
w 24,5 14 0,1 1
w 24,75 14,5 0,5 0,05
w 24,75 13,5 0,5 0,05
w 25,25 14,5 0,5 0,05
w 25,25 13,5 0,5 0,05
w 24,5 13 0,1 1
w 25 12,5 1 0,1
w 26 12,5 1 0,1
w 25,75 14,5 0,5 0,05
w 25,75 13,5 0,5 0,05
w 26,25 14,5 0,5 0,05
w 26,25 13,5 0,5 0,05
w 26 15,5 1 0,1
w 27 15,5 1 0,1
w 26,75 14,5 0,5 0,05
w 26,75 13,5 0,5 0,05
w 27,25 14,5 0,5 0,05
w 27,25 13,5 0,5 0,05
w 27 12,5 1 0,1
w 28,5 13 0,1 1
w 28 12,5 1 0,1
w 28,5 14 0,1 1
w 27,75 14,5 0,5 0,05
w 27,75 13,5 0,5 0,05
w 28,25 14,5 0,5 0,05
w 28,25 13,5 0,5 0,05
w 28,5 15 0,1 1
w 28 15,5 1 0,1
b 57
w 28,5 12 0,1 1
w 29 12,5 1 0,1
w 28,5 11 0,1 1
w 28,5 10 0,1 1
w 28,75 10,5 0,5 0,05
w 28,75 9,5 0,5 0,05
w 29,25 10,5 0,5 0,05
w 29,25 9,5 0,5 0,05
w 28,5 9 0,1 1
w 29 8,5 1 0,1
w 30 8,5 1 0,1
w 29,75 10,5 0,5 0,05
w 29,75 9,5 0,5 0,05
w 30,25 10,5 0,5 0,05
w 30,25 9,5 0,5 0,05
w 30 12,5 1 0,1
w 31 12,5 1 0,1
w 31,5 12,25 0,05 0,5
w 31,5 11,75 0,05 0,5
w 31,5 11,25 0,05 0,5
w 31,5 10,75 0,05 0,5
w 30,75 10,5 0,5 0,05
w 30,75 9,5 0,5 0,05
w 31,25 10,5 0,5 0,05
w 31,25 9,5 0,5 0,05
w 31 8,5 1 0,1
w 31,5 9,25 0,05 0,5
w 31,5 8,75 0,05 0,5
w 32 8,5 1 0,1
w 31,75 10,5 0,5 0,05
w 31,75 9,5 0,5 0,05
w 32,25 10,5 0,5 0,05
w 32,25 9,5 0,5 0,05
w 32 12,5 1 0,1
w 33,5 12 0,1 1
w 33 12,5 1 0,1
w 33,5 11 0,1 1
w 33,5 10 0,1 1
w 32,75 10,5 0,5 0,05
w 32,75 9,5 0,5 0,05
w 33,25 10,5 0,5 0,05
w 33,25 9,5 0,5 0,05
w 33,5 9 0,1 1
w 33 8,5 1 0,1
b 58
w 24,5 4 0,1 1
w 25 3,5 1 0,1
w 24,5 5 0,1 1
w 24,75 5,5 0,5 0,05
w 24,75 4,5 0,5 0,05
w 25,25 5,5 0,5 0,05
w 25,25 4,5 0,5 0,05
w 24,5 6 0,1 1
w 24,5 7 0,1 1
w 25 7,5 1 0,1
w 26 7,5 1 0,1
w 25,75 5,5 0,5 0,05
w 25,75 4,5 0,5 0,05
w 26,25 5,5 0,5 0,05
w 26,25 4,5 0,5 0,05
w 26 3,5 1 0,1
w 27 3,5 1 0,1
w 27,5 4,25 0,05 0,5
w 27,5 3,75 0,05 0,5
w 26,75 5,5 0,5 0,05
w 26,75 4,5 0,5 0,05
w 27,25 5,5 0,5 0,05
w 27,25 4,5 0,5 0,05
w 27,5 6,25 0,05 0,5
w 27,5 5,75 0,05 0,5
w 27 7,5 1 0,1
w 27,5 7,25 0,05 0,5
w 27,5 6,75 0,05 0,5
w 28 7,5 1 0,1
w 27,75 5,5 0,5 0,05
w 27,75 4,5 0,5 0,05
w 28,25 5,5 0,5 0,05
w 28,25 4,5 0,5 0,05
w 28 3,5 1 0,1
w 29,5 4 0,1 1
w 29 3,5 1 0,1
w 29,5 5 0,1 1
w 28,75 5,5 0,5 0,05
w 28,75 4,5 0,5 0,05
w 29,25 5,5 0,5 0,05
w 29,25 4,5 0,5 0,05
w 29,5 6 0,1 1
w 29,5 7 0,1 1
w 29 7,5 1 0,1
b 59
w 29,5 3 0,1 1
w 30 3,5 1 0,1
w 29,5 2 0,1 1
w 29,5 1 0,1 1
w 29,75 1,5 0,5 0,05
w 29,75 0,5 0,5 0,05
w 30,25 1,5 0,5 0,05
w 30,25 0,5 0,5 0,05
w 29,5 0 0,1 1
w 30 -0,5 1 0,1
w 31 -0,5 1 0,1
w 30,75 1,5 0,5 0,05
w 30,75 0,5 0,5 0,05
w 31,25 1,5 0,5 0,05
w 31,25 0,5 0,5 0,05
w 31 3,5 1 0,1
w 32 3,5 1 0,1
w 31,75 1,5 0,5 0,05
w 31,75 0,5 0,5 0,05
w 32,25 1,5 0,5 0,05
w 32,25 0,5 0,5 0,05
w 32 -0,5 1 0,1
w 33,5 0 0,1 1
w 33 -0,5 1 0,1
w 33,5 1 0,1 1
w 32,75 1,5 0,5 0,05
w 32,75 0,5 0,5 0,05
w 33,25 1,5 0,5 0,05
w 33,25 0,5 0,5 0,05
w 33,5 2 0,1 1
w 33,5 3 0,1 1
w 33 3,5 1 0,1
b 60
w 34,5 24 0,1 1
w 35 23,5 1 0,1
w 34,5 25 0,1 1
w 34,5 26 0,1 1
w 34,5 27 0,1 1
w 35 27,5 1 0,1
w 36 27,5 1 0,1
w 35,5 27,25 0,05 0,5
w 35,5 26,75 0,05 0,5
w 36,5 27,25 0,05 0,5
w 36,5 26,75 0,05 0,5
w 35,5 26,25 0,05 0,5
w 35,5 25,75 0,05 0,5
w 36,5 26,25 0,05 0,5
w 36,5 25,75 0,05 0,5
w 35,5 25,25 0,05 0,5
w 35,5 24,75 0,05 0,5
w 36,5 25,25 0,05 0,5
w 36,5 24,75 0,05 0,5
w 36 23,5 1 0,1
w 35,5 24,25 0,05 0,5
w 35,5 23,75 0,05 0,5
w 36,5 24,25 0,05 0,5
w 36,5 23,75 0,05 0,5
w 37,5 24 0,1 1
w 37 23,5 1 0,1
w 37,5 25 0,1 1
w 37,5 26 0,1 1
w 37,5 27 0,1 1
w 37 27,5 1 0,1
b 61
w 37,5 23 0,1 1
w 38 23,5 1 0,1
w 37,5 22 0,1 1
w 37,75 22,5 0,5 0,05
w 37,75 21,5 0,5 0,05
w 38,25 22,5 0,5 0,05
w 38,25 21,5 0,5 0,05
w 37,5 21 0,1 1
w 38 20,5 1 0,1
w 39 20,5 1 0,1
w 39,5 21,25 0,05 0,5
w 39,5 20,75 0,05 0,5
w 38,75 22,5 0,5 0,05
w 38,75 21,5 0,5 0,05
w 39,25 22,5 0,5 0,05
w 39,25 21,5 0,5 0,05
w 39 23,5 1 0,1
w 39,5 23,25 0,05 0,5
w 39,5 22,75 0,05 0,5
w 40 23,5 1 0,1
w 39,75 22,5 0,5 0,05
w 39,75 21,5 0,5 0,05
w 40,25 22,5 0,5 0,05
w 40,25 21,5 0,5 0,05
w 40 20,5 1 0,1
w 41 20,5 1 0,1
w 40,75 22,5 0,5 0,05
w 40,75 21,5 0,5 0,05
w 41,25 22,5 0,5 0,05
w 41,25 21,5 0,5 0,05
w 41 23,5 1 0,1
w 42 23,5 1 0,1
w 41,75 22,5 0,5 0,05
w 41,75 21,5 0,5 0,05
w 42,25 22,5 0,5 0,05
w 42,25 21,5 0,5 0,05
w 42 20,5 1 0,1
w 43,5 21 0,1 1
w 43 20,5 1 0,1
w 43,5 22 0,1 1
w 42,75 22,5 0,5 0,05
w 42,75 21,5 0,5 0,05
w 43,25 22,5 0,5 0,05
w 43,25 21,5 0,5 0,05
w 43,5 23 0,1 1
w 43 23,5 1 0,1
b 62
w 24,5 37 0,1 1
w 25 36,5 1 0,1
w 24,5 38 0,1 1
w 24,5 39 0,1 1
w 24,5 40 0,1 1
w 24,5 41 0,1 1
w 25 41,5 1 0,1
w 26 41,5 1 0,1
w 25,5 41,25 0,05 0,5
w 25,5 40,75 0,05 0,5
w 26,5 41,25 0,05 0,5
w 26,5 40,75 0,05 0,5
w 25,5 40,25 0,05 0,5
w 25,5 39,75 0,05 0,5
w 26,5 40,25 0,05 0,5
w 26,5 39,75 0,05 0,5
w 25,5 39,25 0,05 0,5
w 25,5 38,75 0,05 0,5
w 26,5 39,25 0,05 0,5
w 26,5 38,75 0,05 0,5
w 25,5 38,25 0,05 0,5
w 25,5 37,75 0,05 0,5
w 26,5 38,25 0,05 0,5
w 26,5 37,75 0,05 0,5
w 26 36,5 1 0,1
w 25,5 37,25 0,05 0,5
w 25,5 36,75 0,05 0,5
w 26,5 37,25 0,05 0,5
w 26,5 36,75 0,05 0,5
w 27 36,5 1 0,1
w 27 41,5 1 0,1
w 28,5 41 0,1 1
w 28 41,5 1 0,1
w 28,5 40 0,1 1
w 28,5 39 0,1 1
w 28,5 38 0,1 1
w 28,5 37 0,1 1
w 28 36,5 1 0,1
b 63
w 24,5 42 0,1 1
w 25 41,5 1 0,1
w 24,5 43 0,1 1
w 24,75 43,5 0,5 0,05
w 24,75 42,5 0,5 0,05
w 25,25 43,5 0,5 0,05
w 25,25 42,5 0,5 0,05
w 24,5 44 0,1 1
w 24,5 45 0,1 1
w 25 45,5 1 0,1
w 26 45,5 1 0,1
w 26,5 45,25 0,05 0,5
w 26,5 44,75 0,05 0,5
w 26,5 44,25 0,05 0,5
w 26,5 43,75 0,05 0,5
w 25,75 43,5 0,5 0,05
w 25,75 42,5 0,5 0,05
w 26,25 43,5 0,5 0,05
w 26,25 42,5 0,5 0,05
w 26 41,5 1 0,1
w 26,5 42,25 0,05 0,5
w 26,5 41,75 0,05 0,5
w 27 41,5 1 0,1
w 26,75 43,5 0,5 0,05
w 26,75 42,5 0,5 0,05
w 27,25 43,5 0,5 0,05
w 27,25 42,5 0,5 0,05
w 27 45,5 1 0,1
w 28,5 45 0,1 1
w 28 45,5 1 0,1
w 28,5 44 0,1 1
w 28,5 43 0,1 1
w 27,75 43,5 0,5 0,05
w 27,75 42,5 0,5 0,05
w 28,25 43,5 0,5 0,05
w 28,25 42,5 0,5 0,05
w 28,5 42 0,1 1
w 28 41,5 1 0,1
b 64
w 39,5 0 0,1 1
w 40 -0,5 1 0,1
w 39,5 1 0,1 1
w 39,75 1,5 0,5 0,05
w 39,75 0,5 0,5 0,05
w 40,25 1,5 0,5 0,05
w 40,25 0,5 0,5 0,05
w 39,5 2 0,1 1
w 39,5 3 0,1 1
w 40 3,5 1 0,1
w 41 3,5 1 0,1
w 40,75 1,5 0,5 0,05
w 40,75 0,5 0,5 0,05
w 41,25 1,5 0,5 0,05
w 41,25 0,5 0,5 0,05
w 41 -0,5 1 0,1
w 42 -0,5 1 0,1
w 41,75 1,5 0,5 0,05
w 41,75 0,5 0,5 0,05
w 42,25 1,5 0,5 0,05
w 42,25 0,5 0,5 0,05
w 42 3,5 1 0,1
w 43,5 3 0,1 1
w 43 3,5 1 0,1
w 43,5 2 0,1 1
w 43,5 1 0,1 1
w 42,75 1,5 0,5 0,05
w 42,75 0,5 0,5 0,05
w 43,25 1,5 0,5 0,05
w 43,25 0,5 0,5 0,05
w 43,5 0 0,1 1
w 43 -0,5 1 0,1
b 65
w 39,5 29 0,1 1
w 40 28,5 1 0,1
w 39,5 30 0,1 1
w 39,75 30,5 0,5 0,05
w 39,75 29,5 0,5 0,05
w 40,25 30,5 0,5 0,05
w 40,25 29,5 0,5 0,05
w 39,5 31 0,1 1
w 40 31,5 1 0,1
w 41 31,5 1 0,1
w 40,75 30,5 0,5 0,05
w 40,75 29,5 0,5 0,05
w 41,25 30,5 0,5 0,05
w 41,25 29,5 0,5 0,05
w 41 28,5 1 0,1
w 42 28,5 1 0,1
w 41,75 30,5 0,5 0,05
w 41,75 29,5 0,5 0,05
w 42,25 30,5 0,5 0,05
w 42,25 29,5 0,5 0,05
w 42 31,5 1 0,1
w 43,5 31 0,1 1
w 43 31,5 1 0,1
w 43,5 30 0,1 1
w 42,75 30,5 0,5 0,05
w 42,75 29,5 0,5 0,05
w 43,25 30,5 0,5 0,05
w 43,25 29,5 0,5 0,05
w 43,5 29 0,1 1
w 43 28,5 1 0,1
b 66
w 39,5 38 0,1 1
w 40 37,5 1 0,1
w 39,5 39 0,1 1
w 39,5 40 0,1 1
w 39,5 41 0,1 1
w 39,5 42 0,1 1
w 39,5 43 0,1 1
w 40 43,5 1 0,1
w 41 43,5 1 0,1
w 40,5 43,25 0,05 0,5
w 40,5 42,75 0,05 0,5
w 41,5 43,25 0,05 0,5
w 41,5 42,75 0,05 0,5
w 40,5 42,25 0,05 0,5
w 40,5 41,75 0,05 0,5
w 41,5 42,25 0,05 0,5
w 41,5 41,75 0,05 0,5
w 40,5 41,25 0,05 0,5
w 40,5 40,75 0,05 0,5
w 41,5 41,25 0,05 0,5
w 41,5 40,75 0,05 0,5
w 40,5 40,25 0,05 0,5
w 40,5 39,75 0,05 0,5
w 41,5 40,25 0,05 0,5
w 41,5 39,75 0,05 0,5
w 40,5 39,25 0,05 0,5
w 40,5 38,75 0,05 0,5
w 41,5 39,25 0,05 0,5
w 41,5 38,75 0,05 0,5
w 41 37,5 1 0,1
w 40,5 38,25 0,05 0,5
w 40,5 37,75 0,05 0,5
w 41,5 38,25 0,05 0,5
w 41,5 37,75 0,05 0,5
w 42 37,5 1 0,1
w 42 43,5 1 0,1
w 43,5 43 0,1 1
w 43 43,5 1 0,1
w 43,5 42 0,1 1
w 43,5 41 0,1 1
w 43,5 40 0,1 1
w 43,5 39 0,1 1
w 43,5 38 0,1 1
w 43 37,5 1 0,1
b 67
w 44,5 0 0,1 1
w 45 -0,5 1 0,1
w 44,5 1 0,1 1
w 44,75 1,5 0,5 0,05
w 44,75 0,5 0,5 0,05
w 45,25 1,5 0,5 0,05
w 45,25 0,5 0,5 0,05
w 44,5 2 0,1 1
w 44,5 3 0,1 1
w 45 3,5 1 0,1
w 46 3,5 1 0,1
w 46,5 3,25 0,05 0,5
w 46,5 2,75 0,05 0,5
w 46,5 2,25 0,05 0,5
w 46,5 1,75 0,05 0,5
w 45,75 1,5 0,5 0,05
w 45,75 0,5 0,5 0,05
w 46,25 1,5 0,5 0,05
w 46,25 0,5 0,5 0,05
w 46 -0,5 1 0,1
w 46,5 0,25 0,05 0,5
w 46,5 -0,25 0,05 0,5
w 47 -0,5 1 0,1
w 46,75 1,5 0,5 0,05
w 46,75 0,5 0,5 0,05
w 47,25 1,5 0,5 0,05
w 47,25 0,5 0,5 0,05
w 47 3,5 1 0,1
w 48 3,5 1 0,1
w 47,75 1,5 0,5 0,05
w 47,75 0,5 0,5 0,05
w 48,25 1,5 0,5 0,05
w 48,25 0,5 0,5 0,05
w 48 -0,5 1 0,1
w 49,5 0 0,1 1
w 49 -0,5 1 0,1
w 49,5 1 0,1 1
w 48,75 1,5 0,5 0,05
w 48,75 0,5 0,5 0,05
w 49,25 1,5 0,5 0,05
w 49,25 0,5 0,5 0,05
w 49,5 2 0,1 1
w 49,5 3 0,1 1
w 49 3,5 1 0,1
b 68
w 44,5 41 0,1 1
w 45 40,5 1 0,1
w 44,5 42 0,1 1
w 44,5 43 0,1 1
w 44,75 43,5 0,5 0,05
w 44,75 42,5 0,5 0,05
w 45,25 43,5 0,5 0,05
w 45,25 42,5 0,5 0,05
w 44,5 44 0,1 1
w 44,5 45 0,1 1
w 45 45,5 1 0,1
w 46 45,5 1 0,1
w 46,5 45,25 0,05 0,5
w 46,5 44,75 0,05 0,5
w 46,5 44,25 0,05 0,5
w 46,5 43,75 0,05 0,5
w 45,75 43,5 0,5 0,05
w 45,75 42,5 0,5 0,05
w 46,25 43,5 0,5 0,05
w 46,25 42,5 0,5 0,05
w 46,5 42,25 0,05 0,5
w 46,5 41,75 0,05 0,5
w 46 40,5 1 0,1
w 46,5 41,25 0,05 0,5
w 46,5 40,75 0,05 0,5
w 47 40,5 1 0,1
w 46,75 43,5 0,5 0,05
w 46,75 42,5 0,5 0,05
w 47,25 43,5 0,5 0,05
w 47,25 42,5 0,5 0,05
w 47 45,5 1 0,1
w 48 45,5 1 0,1
w 47,75 43,5 0,5 0,05
w 47,75 42,5 0,5 0,05
w 48,25 43,5 0,5 0,05
w 48,25 42,5 0,5 0,05
w 48 40,5 1 0,1
w 49,5 41 0,1 1
w 49 40,5 1 0,1
w 49,5 42 0,1 1
w 49,5 43 0,1 1
w 48,75 43,5 0,5 0,05
w 48,75 42,5 0,5 0,05
w 49,25 43,5 0,5 0,05
w 49,25 42,5 0,5 0,05
w 49,5 44 0,1 1
w 49,5 45 0,1 1
w 49 45,5 1 0,1
b 69
w -0,5 0 0,1 1
w 0 -0,5 1 0,1
w -0,5 1 0,1 1
w -0,25 1,5 0,5 0,05
w -0,25 0,5 0,5 0,05
w 0,25 1,5 0,5 0,05
w 0,25 0,5 0,5 0,05
w -0,5 2 0,1 1
w -0,5 3 0,1 1
w 0 3,5 1 0,1
w 1 3,5 1 0,1
w 0,75 1,5 0,5 0,05
w 0,75 0,5 0,5 0,05
w 1,25 1,5 0,5 0,05
w 1,25 0,5 0,5 0,05
w 1 -0,5 1 0,1
w 2 -0,5 1 0,1
w 1,75 1,5 0,5 0,05
w 1,75 0,5 0,5 0,05
w 2,25 1,5 0,5 0,05
w 2,25 0,5 0,5 0,05
w 2 3,5 1 0,1
w 3,5 3 0,1 1
w 3 3,5 1 0,1
w 3,5 2 0,1 1
w 3,5 1 0,1 1
w 2,75 1,5 0,5 0,05
w 2,75 0,5 0,5 0,05
w 3,25 1,5 0,5 0,05
w 3,25 0,5 0,5 0,05
w 3,5 0 0,1 1
w 3 -0,5 1 0,1
b 70
w -0,5 4 0,1 1
w 0 3,5 1 0,1
w -0,5 5 0,1 1
w -0,25 5,5 0,5 0,05
w -0,25 4,5 0,5 0,05
w 0,25 5,5 0,5 0,05
w 0,25 4,5 0,5 0,05
w -0,5 6 0,1 1
w -0,5 7 0,1 1
w 0 7,5 1 0,1
w 1 7,5 1 0,1
w 0,75 5,5 0,5 0,05
w 0,75 4,5 0,5 0,05
w 1,25 5,5 0,5 0,05
w 1,25 4,5 0,5 0,05
w 1 3,5 1 0,1
w 2 3,5 1 0,1
w 1,75 5,5 0,5 0,05
w 1,75 4,5 0,5 0,05
w 2,25 5,5 0,5 0,05
w 2,25 4,5 0,5 0,05
w 2 7,5 1 0,1
w 3,5 7 0,1 1
w 3 7,5 1 0,1
w 3,5 6 0,1 1
w 3,5 5 0,1 1
w 2,75 5,5 0,5 0,05
w 2,75 4,5 0,5 0,05
w 3,25 5,5 0,5 0,05
w 3,25 4,5 0,5 0,05
w 3,5 4 0,1 1
w 3 3,5 1 0,1
b 71
w -0,5 33 0,1 1
w 0 32,5 1 0,1
w -0,5 34 0,1 1
w -0,25 34,5 0,5 0,05
w -0,25 33,5 0,5 0,05
w 0,25 34,5 0,5 0,05
w 0,25 33,5 0,5 0,05
w -0,5 35 0,1 1
w 0 35,5 1 0,1
w 1 35,5 1 0,1
w 1,5 35,25 0,05 0,5
w 1,5 34,75 0,05 0,5
w 0,75 34,5 0,5 0,05
w 0,75 33,5 0,5 0,05
w 1,25 34,5 0,5 0,05
w 1,25 33,5 0,5 0,05
w 1 32,5 1 0,1
w 1,5 33,25 0,05 0,5
w 1,5 32,75 0,05 0,5
w 2 32,5 1 0,1
w 1,75 34,5 0,5 0,05
w 1,75 33,5 0,5 0,05
w 2,25 34,5 0,5 0,05
w 2,25 33,5 0,5 0,05
w 2 35,5 1 0,1
w 3 35,5 1 0,1
w 2,75 34,5 0,5 0,05
w 2,75 33,5 0,5 0,05
w 3,25 34,5 0,5 0,05
w 3,25 33,5 0,5 0,05
w 3 32,5 1 0,1
w 4 32,5 1 0,1
w 4,5 33,25 0,05 0,5
w 4,5 32,75 0,05 0,5
w 3,75 34,5 0,5 0,05
w 3,75 33,5 0,5 0,05
w 4,25 34,5 0,5 0,05
w 4,25 33,5 0,5 0,05
w 4 35,5 1 0,1
w 4,5 35,25 0,05 0,5
w 4,5 34,75 0,05 0,5
w 4,5 36 0,1 1
w 5 36,5 1 0,1
w 6 36,5 1 0,1
w 5,75 34,5 0,5 0,05
w 5,75 33,5 0,5 0,05
w 6,25 34,5 0,5 0,05
w 6,25 33,5 0,5 0,05
w 4,75 34,5 0,5 0,05
w 4,75 33,5 0,5 0,05
w 5,25 34,5 0,5 0,05
w 5,25 33,5 0,5 0,05
w 5 32,5 1 0,1
w 6 32,5 1 0,1
w 7,5 33 0,1 1
w 7 32,5 1 0,1
w 7,5 34 0,1 1
w 6,75 34,5 0,5 0,05
w 6,75 33,5 0,5 0,05
w 7,25 34,5 0,5 0,05
w 7,25 33,5 0,5 0,05
w 7,5 35 0,1 1
w 7,5 36 0,1 1
w 7 36,5 1 0,1
b 72
w 8,5 36 0,1 1
w 7,5 36 0,1 1
w 8 36,5 1 0,1
w 7,5 36,25 0,05 0,5
w 7,5 35,75 0,05 0,5
w 8,5 36,25 0,05 0,5
w 8,5 35,75 0,05 0,5
w 8,5 35 0,1 1
w 7,5 35 0,1 1
w 7,5 35,25 0,05 0,5
w 7,5 34,75 0,05 0,5
w 8,5 35,25 0,05 0,5
w 8,5 34,75 0,05 0,5
w 8,5 34 0,1 1
w 7,5 34 0,1 1
w 7,5 34,25 0,05 0,5
w 7,5 33,75 0,05 0,5
w 8,5 34,25 0,05 0,5
w 8,5 33,75 0,05 0,5
w 8,5 33 0,1 1
w 7,5 33 0,1 1
w 8 32,5 1 0,1
w 7,5 33,25 0,05 0,5
w 7,5 32,75 0,05 0,5
w 8,5 33,25 0,05 0,5
w 8,5 32,75 0,05 0,5
b 73
w 9,5 33 0,1 1
w 10 32,5 1 0,1
w 9,5 33,25 0,05 0,5
w 9,5 32,75 0,05 0,5
w 10,5 33,25 0,05 0,5
w 10,5 32,75 0,05 0,5
w 9,5 34 0,1 1
w 9,5 34,25 0,05 0,5
w 9,5 33,75 0,05 0,5
w 10,5 34,25 0,05 0,5
w 10,5 33,75 0,05 0,5
w 9,5 35 0,1 1
w 10 35,5 1 0,1
w 9,5 35,25 0,05 0,5
w 9,5 34,75 0,05 0,5
w 10,5 35,25 0,05 0,5
w 10,5 34,75 0,05 0,5
w 11,5 35 0,1 1
w 11 35,5 1 0,1
w 11,5 34 0,1 1
w 11,5 33 0,1 1
w 11 32,5 1 0,1
b 74
w 16,5 31 0,1 1
w 17 31,5 1 0,1
w 16,5 30 0,1 1
w 16,5 29 0,1 1
w 16,75 29,5 0,5 0,05
w 16,75 28,5 0,5 0,05
w 17,25 29,5 0,5 0,05
w 17,25 28,5 0,5 0,05
w 16,5 28 0,1 1
w 17 27,5 1 0,1
w 18 27,5 1 0,1
w 18,5 28,25 0,05 0,5
w 18,5 27,75 0,05 0,5
w 17,75 29,5 0,5 0,05
w 17,75 28,5 0,5 0,05
w 18,25 29,5 0,5 0,05
w 18,25 28,5 0,5 0,05
w 18,5 30,25 0,05 0,5
w 18,5 29,75 0,05 0,5
w 18 31,5 1 0,1
w 18,5 31,25 0,05 0,5
w 18,5 30,75 0,05 0,5
w 19 31,5 1 0,1
w 18,75 29,5 0,5 0,05
w 18,75 28,5 0,5 0,05
w 19,25 29,5 0,5 0,05
w 19,25 28,5 0,5 0,05
w 19 27,5 1 0,1
w 20 27,5 1 0,1
w 19,75 29,5 0,5 0,05
w 19,75 28,5 0,5 0,05
w 20,25 29,5 0,5 0,05
w 20,25 28,5 0,5 0,05
w 20 31,5 1 0,1
w 21,5 31 0,1 1
w 21 31,5 1 0,1
w 21,5 30 0,1 1
w 21,5 29 0,1 1
w 20,75 29,5 0,5 0,05
w 20,75 28,5 0,5 0,05
w 21,25 29,5 0,5 0,05
w 21,25 28,5 0,5 0,05
w 21,5 28 0,1 1
w 21 27,5 1 0,1
b 75
w 21,5 23 0,1 1
w 22 22,5 1 0,1
w 21,5 24 0,1 1
w 21,5 25 0,1 1
w 21,75 25,5 0,5 0,05
w 21,75 24,5 0,5 0,05
w 22,25 25,5 0,5 0,05
w 22,25 24,5 0,5 0,05
w 21,5 26 0,1 1
w 21,5 27 0,1 1
w 22 27,5 1 0,1
w 23 27,5 1 0,1
w 22,75 25,5 0,5 0,05
w 22,75 24,5 0,5 0,05
w 23,25 25,5 0,5 0,05
w 23,25 24,5 0,5 0,05
w 23,5 24 0,1 1
w 23 22,5 1 0,1
w 24 23,5 1 0,1
w 24 22,5 1 0,1
w 25 23,5 1 0,1
w 25 22,5 1 0,1
w 26,5 23 0,1 1
w 26 23,5 1 0,1
w 26 22,5 1 0,1
w 24 24,5 1 0,1
w 23,75 25,5 0,5 0,05
w 23,75 24,5 0,5 0,05
w 24,25 25,5 0,5 0,05
w 24,25 24,5 0,5 0,05
w 24 27,5 1 0,1
w 25 27,5 1 0,1
w 25 24,5 1 0,1
w 24,75 25,5 0,5 0,05
w 24,75 24,5 0,5 0,05
w 25,25 25,5 0,5 0,05
w 25,25 24,5 0,5 0,05
w 26,5 25 0,1 1
w 26 24,5 1 0,1
w 25,75 25,5 0,5 0,05
w 25,75 24,5 0,5 0,05
w 26,25 25,5 0,5 0,05
w 26,25 24,5 0,5 0,05
w 26,5 26 0,1 1
w 26,5 27 0,1 1
w 26 27,5 1 0,1
b 76
w 26,5 23 0,1 1
w 27 23,5 1 0,1
w 26,5 23,25 0,05 0,5
w 26,5 22,75 0,05 0,5
w 27,5 23,25 0,05 0,5
w 27,5 22,75 0,05 0,5
w 26,5 22 0,1 1
w 26,5 22,25 0,05 0,5
w 26,5 21,75 0,05 0,5
w 27,5 22,25 0,05 0,5
w 27,5 21,75 0,05 0,5
w 26,5 21 0,1 1
w 27 20,5 1 0,1
w 26,5 21,25 0,05 0,5
w 26,5 20,75 0,05 0,5
w 27,5 21,25 0,05 0,5
w 27,5 20,75 0,05 0,5
w 28,5 21 0,1 1
w 28 20,5 1 0,1
w 28,5 22 0,1 1
w 28,5 23 0,1 1
w 28 23,5 1 0,1
b 77
w 26,5 29 0,1 1
w 27 29,5 1 0,1
w 26,5 28 0,1 1
w 26,5 27 0,1 1
w 26,75 27,5 0,5 0,05
w 26,75 26,5 0,5 0,05
w 27,25 27,5 0,5 0,05
w 27,25 26,5 0,5 0,05
w 26,5 26 0,1 1
w 26,5 25 0,1 1
w 27 24,5 1 0,1
w 28 24,5 1 0,1
w 27,75 27,5 0,5 0,05
w 27,75 26,5 0,5 0,05
w 28,25 27,5 0,5 0,05
w 28,25 26,5 0,5 0,05
w 28 29,5 1 0,1
w 29 29,5 1 0,1
w 28,75 27,5 0,5 0,05
w 28,75 26,5 0,5 0,05
w 29,25 27,5 0,5 0,05
w 29,25 26,5 0,5 0,05
w 29 24,5 1 0,1
w 30 24,5 1 0,1
w 29,75 27,5 0,5 0,05
w 29,75 26,5 0,5 0,05
w 30,25 27,5 0,5 0,05
w 30,25 26,5 0,5 0,05
w 30 29,5 1 0,1
w 31 29,5 1 0,1
w 30,75 27,5 0,5 0,05
w 30,75 26,5 0,5 0,05
w 31,25 27,5 0,5 0,05
w 31,25 26,5 0,5 0,05
w 31 24,5 1 0,1
w 32 24,5 1 0,1
w 31,75 27,5 0,5 0,05
w 31,75 26,5 0,5 0,05
w 32,25 27,5 0,5 0,05
w 32,25 26,5 0,5 0,05
w 32 29,5 1 0,1
w 33,5 29 0,1 1
w 33 29,5 1 0,1
w 33,5 28 0,1 1
w 33,5 27 0,1 1
w 32,75 27,5 0,5 0,05
w 32,75 26,5 0,5 0,05
w 33,25 27,5 0,5 0,05
w 33,25 26,5 0,5 0,05
w 33,5 26 0,1 1
w 33,5 25 0,1 1
w 33 24,5 1 0,1
b 78
w 26,5 31 0,1 1
w 27 31,5 1 0,1
w 26,75 31,5 0,5 0,05
w 26,75 30,5 0,5 0,05
w 27,25 31,5 0,5 0,05
w 27,25 30,5 0,5 0,05
w 26,5 30 0,1 1
w 27 29,5 1 0,1
w 28 29,5 1 0,1
w 28 31,5 1 0,1
w 27,75 31,5 0,5 0,05
w 27,75 30,5 0,5 0,05
w 28,25 31,5 0,5 0,05
w 28,25 30,5 0,5 0,05
w 29 31,5 1 0,1
w 28,75 31,5 0,5 0,05
w 28,75 30,5 0,5 0,05
w 29,25 31,5 0,5 0,05
w 29,25 30,5 0,5 0,05
w 29 29,5 1 0,1
w 30 29,5 1 0,1
w 30,5 30,25 0,05 0,5
w 30,5 29,75 0,05 0,5
w 29,75 31,5 0,5 0,05
w 29,75 30,5 0,5 0,05
w 30,25 31,5 0,5 0,05
w 30,25 30,5 0,5 0,05
w 29,5 32 0,1 1
w 30,5 32,25 0,05 0,5
w 30,5 31,75 0,05 0,5
w 29,5 33 0,1 1
w 30 33,5 1 0,1
w 30,5 33,25 0,05 0,5
w 30,5 32,75 0,05 0,5
w 31 33,5 1 0,1
w 30,75 31,5 0,5 0,05
w 30,75 30,5 0,5 0,05
w 31,25 31,5 0,5 0,05
w 31,25 30,5 0,5 0,05
w 31 29,5 1 0,1
w 32 29,5 1 0,1
w 31,75 31,5 0,5 0,05
w 31,75 30,5 0,5 0,05
w 32,25 31,5 0,5 0,05
w 32,25 30,5 0,5 0,05
w 32 33,5 1 0,1
w 33,5 33 0,1 1
w 33 33,5 1 0,1
w 33,5 32 0,1 1
w 33,5 31 0,1 1
w 32,75 31,5 0,5 0,05
w 32,75 30,5 0,5 0,05
w 33,25 31,5 0,5 0,05
w 33,25 30,5 0,5 0,05
w 33,5 30 0,1 1
w 33 29,5 1 0,1
b 79
w 29,5 34 0,1 1
w 30 33,5 1 0,1
w 29,5 35 0,1 1
w 29,5 36 0,1 1
w 29,5 37 0,1 1
w 29,5 38 0,1 1
w 30 38,5 1 0,1
w 31 38,5 1 0,1
w 30,5 38,25 0,05 0,5
w 30,5 37,75 0,05 0,5
w 31,5 38,25 0,05 0,5
w 31,5 37,75 0,05 0,5
w 30,5 37,25 0,05 0,5
w 30,5 36,75 0,05 0,5
w 31,5 37,25 0,05 0,5
w 31,5 36,75 0,05 0,5
w 30,5 36,25 0,05 0,5
w 30,5 35,75 0,05 0,5
w 31,5 36,25 0,05 0,5
w 31,5 35,75 0,05 0,5
w 30,5 35,25 0,05 0,5
w 30,5 34,75 0,05 0,5
w 31,5 35,25 0,05 0,5
w 31,5 34,75 0,05 0,5
w 31 33,5 1 0,1
w 30,5 34,25 0,05 0,5
w 30,5 33,75 0,05 0,5
w 31,5 34,25 0,05 0,5
w 31,5 33,75 0,05 0,5
w 32 33,5 1 0,1
w 32 38,5 1 0,1
w 33,5 38 0,1 1
w 33 38,5 1 0,1
w 33,5 37 0,1 1
w 33,5 36 0,1 1
w 33,5 35 0,1 1
w 33,5 34 0,1 1
w 33 33,5 1 0,1
b 80
w 4,5 41 0,1 1
w 5 40,5 1 0,1
w 4,5 42 0,1 1
w 4,75 42,5 0,5 0,05
w 4,75 41,5 0,5 0,05
w 5,25 42,5 0,5 0,05
w 5,25 41,5 0,5 0,05
w 4,5 43 0,1 1
w 4,5 44 0,1 1
w 5 44,5 1 0,1
w 6 44,5 1 0,1
w 6,5 44,25 0,05 0,5
w 6,5 43,75 0,05 0,5
w 6,5 43,25 0,05 0,5
w 6,5 42,75 0,05 0,5
w 5,75 42,5 0,5 0,05
w 5,75 41,5 0,5 0,05
w 6,25 42,5 0,5 0,05
w 6,25 41,5 0,5 0,05
w 6 40,5 1 0,1
w 6,5 41,25 0,05 0,5
w 6,5 40,75 0,05 0,5
w 7 40,5 1 0,1
w 6,75 42,5 0,5 0,05
w 6,75 41,5 0,5 0,05
w 7,25 42,5 0,5 0,05
w 7,25 41,5 0,5 0,05
w 7 44,5 1 0,1
w 8,5 44 0,1 1
w 8 44,5 1 0,1
w 7,75 42,5 0,5 0,05
w 7,75 41,5 0,5 0,05
w 8,25 42,5 0,5 0,05
w 8,25 41,5 0,5 0,05
w 8 40,5 1 0,1
w 9,5 41 0,1 1
w 9 40,5 1 0,1
w 9,5 42 0,1 1
w 8,75 42,5 0,5 0,05
w 8,75 41,5 0,5 0,05
w 9,25 42,5 0,5 0,05
w 9,25 41,5 0,5 0,05
w 9,5 43 0,1 1
w 9 43,5 1 0,1
b 81
w 19,5 11 0,1 1
w 20 10,5 1 0,1
w 19,5 12 0,1 1
w 19,5 13 0,1 1
w 19,75 13,5 0,5 0,05
w 19,75 12,5 0,5 0,05
w 20,25 13,5 0,5 0,05
w 20,25 12,5 0,5 0,05
w 19,5 14 0,1 1
w 19,5 15 0,1 1
w 20 15,5 1 0,1
w 21 15,5 1 0,1
w 20,75 13,5 0,5 0,05
w 20,75 12,5 0,5 0,05
w 21,25 13,5 0,5 0,05
w 21,25 12,5 0,5 0,05
w 21 10,5 1 0,1
w 22 10,5 1 0,1
w 21,75 13,5 0,5 0,05
w 21,75 12,5 0,5 0,05
w 22,25 13,5 0,5 0,05
w 22,25 12,5 0,5 0,05
w 22 15,5 1 0,1
w 23 15,5 1 0,1
w 22,75 13,5 0,5 0,05
w 22,75 12,5 0,5 0,05
w 23,25 13,5 0,5 0,05
w 23,25 12,5 0,5 0,05
w 23 10,5 1 0,1
w 24,5 11 0,1 1
w 24 10,5 1 0,1
w 24,5 12 0,1 1
w 24,5 13 0,1 1
w 23,75 13,5 0,5 0,05
w 23,75 12,5 0,5 0,05
w 24,25 13,5 0,5 0,05
w 24,25 12,5 0,5 0,05
w 24,5 14 0,1 1
w 24,5 15 0,1 1
w 24 15,5 1 0,1
b 82
w 24,5 12 0,1 1
w 25 12,5 1 0,1
w 24,5 11 0,1 1
w 24,5 10 0,1 1
w 24,75 10,5 0,5 0,05
w 24,75 9,5 0,5 0,05
w 25,25 10,5 0,5 0,05
w 25,25 9,5 0,5 0,05
w 24,5 9 0,1 1
w 25 8,5 1 0,1
w 26 8,5 1 0,1
w 25,75 10,5 0,5 0,05
w 25,75 9,5 0,5 0,05
w 26,25 10,5 0,5 0,05
w 26,25 9,5 0,5 0,05
w 26 12,5 1 0,1
w 27 12,5 1 0,1
w 26,75 10,5 0,5 0,05
w 26,75 9,5 0,5 0,05
w 27,25 10,5 0,5 0,05
w 27,25 9,5 0,5 0,05
w 27 8,5 1 0,1
w 28,5 9 0,1 1
w 28 8,5 1 0,1
w 28,5 10 0,1 1
w 27,75 10,5 0,5 0,05
w 27,75 9,5 0,5 0,05
w 28,25 10,5 0,5 0,05
w 28,25 9,5 0,5 0,05
w 28,5 11 0,1 1
w 28,5 12 0,1 1
w 28 12,5 1 0,1
b 83
w 24,5 0 0,1 1
w 25 -0,5 1 0,1
w 24,5 1 0,1 1
w 24,75 1,5 0,5 0,05
w 24,75 0,5 0,5 0,05
w 25,25 1,5 0,5 0,05
w 25,25 0,5 0,5 0,05
w 24,5 2 0,1 1
w 24,5 3 0,1 1
w 25 3,5 1 0,1
w 26 3,5 1 0,1
w 25,75 1,5 0,5 0,05
w 25,75 0,5 0,5 0,05
w 26,25 1,5 0,5 0,05
w 26,25 0,5 0,5 0,05
w 26 -0,5 1 0,1
w 27 -0,5 1 0,1
w 26,75 1,5 0,5 0,05
w 26,75 0,5 0,5 0,05
w 27,25 1,5 0,5 0,05
w 27,25 0,5 0,5 0,05
w 27 3,5 1 0,1
w 28 3,5 1 0,1
w 27,75 1,5 0,5 0,05
w 27,75 0,5 0,5 0,05
w 28,25 1,5 0,5 0,05
w 28,25 0,5 0,5 0,05
w 28 -0,5 1 0,1
w 29,5 0 0,1 1
w 29 -0,5 1 0,1
w 29,5 1 0,1 1
w 28,75 1,5 0,5 0,05
w 28,75 0,5 0,5 0,05
w 29,25 1,5 0,5 0,05
w 29,25 0,5 0,5 0,05
w 29,5 2 0,1 1
w 29,5 3 0,1 1
w 29 3,5 1 0,1
b 84
w 32,5 23 0,1 1
w 32 23,5 1 0,1
w 32,5 22 0,1 1
w 31,75 22,5 0,5 0,05
w 31,75 21,5 0,5 0,05
w 32,25 22,5 0,5 0,05
w 32,25 21,5 0,5 0,05
w 32,5 21 0,1 1
w 32 20,5 1 0,1
w 31 20,5 1 0,1
w 30,75 22,5 0,5 0,05
w 30,75 21,5 0,5 0,05
w 31,25 22,5 0,5 0,05
w 31,25 21,5 0,5 0,05
w 31 23,5 1 0,1
w 29,5 23 0,1 1
w 30 23,5 1 0,1
w 29,5 22 0,1 1
w 29,75 22,5 0,5 0,05
w 29,75 21,5 0,5 0,05
w 30,25 22,5 0,5 0,05
w 30,25 21,5 0,5 0,05
w 29,5 21 0,1 1
w 30 20,5 1 0,1
b 85
w 32,5 17 0,1 1
w 33 16,5 1 0,1
w 32,75 17,5 0,5 0,05
w 32,75 16,5 0,5 0,05
w 33,25 17,5 0,5 0,05
w 33,25 16,5 0,5 0,05
w 32,5 18 0,1 1
w 32,5 19 0,1 1
w 33 19,5 1 0,1
w 34 19,5 1 0,1
w 34 16,5 1 0,1
w 33,75 17,5 0,5 0,05
w 33,75 16,5 0,5 0,05
w 34,25 17,5 0,5 0,05
w 34,25 16,5 0,5 0,05
w 34,75 17,5 0,5 0,05
w 34,75 16,5 0,5 0,05
w 35,25 17,5 0,5 0,05
w 35,25 16,5 0,5 0,05
w 35 19,5 1 0,1
w 36 19,5 1 0,1
w 35,75 17,5 0,5 0,05
w 35,75 16,5 0,5 0,05
w 36,25 17,5 0,5 0,05
w 36,25 16,5 0,5 0,05
w 36 15,5 1 0,1
w 34,5 16 0,1 1
w 35 15,5 1 0,1
w 37,5 16 0,1 1
w 37 15,5 1 0,1
w 37,5 17 0,1 1
w 36,75 17,5 0,5 0,05
w 36,75 16,5 0,5 0,05
w 37,25 17,5 0,5 0,05
w 37,25 16,5 0,5 0,05
w 37,5 18 0,1 1
w 37,5 19 0,1 1
w 37 19,5 1 0,1
b 86
w 34,5 20 0,1 1
w 35 19,5 1 0,1
w 35,5 20,25 0,05 0,5
w 35,5 19,75 0,05 0,5
w 34,75 21,5 0,5 0,05
w 34,75 20,5 0,5 0,05
w 35,25 21,5 0,5 0,05
w 35,25 20,5 0,5 0,05
w 34 20,5 1 0,1
w 33,75 21,5 0,5 0,05
w 33,75 20,5 0,5 0,05
w 34,25 21,5 0,5 0,05
w 34,25 20,5 0,5 0,05
w 32,5 22 0,1 1
w 32,5 23 0,1 1
w 33 23,5 1 0,1
w 32,5 21 0,1 1
w 33 20,5 1 0,1
w 32,75 21,5 0,5 0,05
w 32,75 20,5 0,5 0,05
w 33,25 21,5 0,5 0,05
w 33,25 20,5 0,5 0,05
w 34 23,5 1 0,1
w 35 23,5 1 0,1
w 35,5 23,25 0,05 0,5
w 35,5 22,75 0,05 0,5
w 36 23,5 1 0,1
w 35,5 22,25 0,05 0,5
w 35,5 21,75 0,05 0,5
w 35,75 21,5 0,5 0,05
w 35,75 20,5 0,5 0,05
w 36,25 21,5 0,5 0,05
w 36,25 20,5 0,5 0,05
w 36 19,5 1 0,1
w 37,5 20 0,1 1
w 37 19,5 1 0,1
w 37,5 21 0,1 1
w 36,75 21,5 0,5 0,05
w 36,75 20,5 0,5 0,05
w 37,25 21,5 0,5 0,05
w 37,25 20,5 0,5 0,05
w 37,5 22 0,1 1
w 37,5 23 0,1 1
w 37 23,5 1 0,1
b 87
w 37,5 16 0,1 1
w 38 16,5 1 0,1
w 37,5 15 0,1 1
w 37,5 14 0,1 1
w 37,75 14,5 0,5 0,05
w 37,75 13,5 0,5 0,05
w 38,25 14,5 0,5 0,05
w 38,25 13,5 0,5 0,05
w 37,5 12 0,1 1
w 38 11,5 1 0,1
w 37,5 13 0,1 1
w 38,75 14,5 0,5 0,05
w 38,75 13,5 0,5 0,05
w 39,25 14,5 0,5 0,05
w 39,25 13,5 0,5 0,05
w 39 16,5 1 0,1
w 40 16,5 1 0,1
w 40,5 16,25 0,05 0,5
w 40,5 15,75 0,05 0,5
w 40,5 15,25 0,05 0,5
w 40,5 14,75 0,05 0,5
w 39,75 14,5 0,5 0,05
w 39,75 13,5 0,5 0,05
w 40,25 14,5 0,5 0,05
w 40,25 13,5 0,5 0,05
w 40,5 13,25 0,05 0,5
w 40,5 12,75 0,05 0,5
w 40 11,5 1 0,1
w 40,5 12,25 0,05 0,5
w 40,5 11,75 0,05 0,5
w 39 11,5 1 0,1
w 41 11,5 1 0,1
w 41,5 12,25 0,05 0,5
w 41,5 11,75 0,05 0,5
w 41,5 13,25 0,05 0,5
w 41,5 12,75 0,05 0,5
w 40,75 14,5 0,5 0,05
w 40,75 13,5 0,5 0,05
w 41,25 14,5 0,5 0,05
w 41,25 13,5 0,5 0,05
w 41,5 15,25 0,05 0,5
w 41,5 14,75 0,05 0,5
w 41 16,5 1 0,1
w 41,5 16,25 0,05 0,5
w 41,5 15,75 0,05 0,5
w 42 16,5 1 0,1
w 41,75 14,5 0,5 0,05
w 41,75 13,5 0,5 0,05
w 42,25 14,5 0,5 0,05
w 42,25 13,5 0,5 0,05
w 42 11,5 1 0,1
w 43,5 12 0,1 1
w 43 11,5 1 0,1
w 43,5 13 0,1 1
w 43,5 14 0,1 1
w 42,75 14,5 0,5 0,05
w 42,75 13,5 0,5 0,05
w 43,25 14,5 0,5 0,05
w 43,25 13,5 0,5 0,05
w 43,5 15 0,1 1
w 43,5 16 0,1 1
w 43 16,5 1 0,1
b 88
w 37,5 20 0,1 1
w 38 20,5 1 0,1
w 37,5 19 0,1 1
w 37,5 18 0,1 1
w 37,75 18,5 0,5 0,05
w 37,75 17,5 0,5 0,05
w 38,25 18,5 0,5 0,05
w 38,25 17,5 0,5 0,05
w 37,5 17 0,1 1
w 38 16,5 1 0,1
w 39 16,5 1 0,1
w 38,75 18,5 0,5 0,05
w 38,75 17,5 0,5 0,05
w 39,25 18,5 0,5 0,05
w 39,25 17,5 0,5 0,05
w 39 20,5 1 0,1
w 40 20,5 1 0,1
w 39,75 18,5 0,5 0,05
w 39,75 17,5 0,5 0,05
w 40,25 18,5 0,5 0,05
w 40,25 17,5 0,5 0,05
w 40 16,5 1 0,1
w 41 16,5 1 0,1
w 40,75 18,5 0,5 0,05
w 40,75 17,5 0,5 0,05
w 41,25 18,5 0,5 0,05
w 41,25 17,5 0,5 0,05
w 41 20,5 1 0,1
w 42 20,5 1 0,1
w 41,75 18,5 0,5 0,05
w 41,75 17,5 0,5 0,05
w 42,25 18,5 0,5 0,05
w 42,25 17,5 0,5 0,05
w 42 16,5 1 0,1
w 43,5 17 0,1 1
w 43 16,5 1 0,1
w 43,5 18 0,1 1
w 42,75 18,5 0,5 0,05
w 42,75 17,5 0,5 0,05
w 43,25 18,5 0,5 0,05
w 43,25 17,5 0,5 0,05
w 43,5 19 0,1 1
w 43,5 20 0,1 1
w 43 20,5 1 0,1
b 89
w 39,5 25 0,1 1
w 40 24,5 1 0,1
w 39,5 26 0,1 1
w 39,75 26,5 0,5 0,05
w 39,75 25,5 0,5 0,05
w 40,25 26,5 0,5 0,05
w 40,25 25,5 0,5 0,05
w 39,5 27 0,1 1
w 39,5 28 0,1 1
w 40 28,5 1 0,1
w 41 28,5 1 0,1
w 40,75 26,5 0,5 0,05
w 40,75 25,5 0,5 0,05
w 41,25 26,5 0,5 0,05
w 41,25 25,5 0,5 0,05
w 41 24,5 1 0,1
w 42 24,5 1 0,1
w 41,75 26,5 0,5 0,05
w 41,75 25,5 0,5 0,05
w 42,25 26,5 0,5 0,05
w 42,25 25,5 0,5 0,05
w 42 28,5 1 0,1
w 43,5 28 0,1 1
w 43 28,5 1 0,1
w 42,75 26,5 0,5 0,05
w 42,75 25,5 0,5 0,05
w 43,25 26,5 0,5 0,05
w 43,25 25,5 0,5 0,05
w 43 24,5 1 0,1
w 44,5 25 0,1 1
w 44 24,5 1 0,1
w 44,5 26 0,1 1
w 43,75 26,5 0,5 0,05
w 43,75 25,5 0,5 0,05
w 44,25 26,5 0,5 0,05
w 44,25 25,5 0,5 0,05
w 44,5 27 0,1 1
w 44 27,5 1 0,1
b 90
w 39,5 33 0,1 1
w 40 32,5 1 0,1
w 39,5 34 0,1 1
w 39,5 35 0,1 1
w 39,75 35,5 0,5 0,05
w 39,75 34,5 0,5 0,05
w 40,25 35,5 0,5 0,05
w 40,25 34,5 0,5 0,05
w 39,5 36 0,1 1
w 39,5 37 0,1 1
w 40 37,5 1 0,1
w 41 37,5 1 0,1
w 40,75 35,5 0,5 0,05
w 40,75 34,5 0,5 0,05
w 41,25 35,5 0,5 0,05
w 41,25 34,5 0,5 0,05
w 41 32,5 1 0,1
w 42 32,5 1 0,1
w 42,5 33,25 0,05 0,5
w 42,5 32,75 0,05 0,5
w 42,5 34,25 0,05 0,5
w 42,5 33,75 0,05 0,5
w 41,75 35,5 0,5 0,05
w 41,75 34,5 0,5 0,05
w 42,25 35,5 0,5 0,05
w 42,25 34,5 0,5 0,05
w 42,5 36,25 0,05 0,5
w 42,5 35,75 0,05 0,5
w 42 37,5 1 0,1
w 42,5 37,25 0,05 0,5
w 42,5 36,75 0,05 0,5
w 43,5 37 0,1 1
w 43 37,5 1 0,1
w 43,5 36 0,1 1
w 42,75 35,5 0,5 0,05
w 42,75 34,5 0,5 0,05
w 43,25 35,5 0,5 0,05
w 43,25 34,5 0,5 0,05
w 43 32,5 1 0,1
w 44,5 33 0,1 1
w 44 32,5 1 0,1
w 44,5 34 0,1 1
w 44,5 35 0,1 1
w 44 35,5 1 0,1
w 43,75 35,5 0,5 0,05
w 43,75 34,5 0,5 0,05
w 44,25 35,5 0,5 0,05
w 44,25 34,5 0,5 0,05
b 91
w 9,5 25 0,1 1
w 10 24,5 1 0,1
w 9,5 25,25 0,05 0,5
w 9,5 24,75 0,05 0,5
w 10,5 25,25 0,05 0,5
w 10,5 24,75 0,05 0,5
w 9,5 26 0,1 1
w 9,5 26,25 0,05 0,5
w 9,5 25,75 0,05 0,5
w 10,5 26,25 0,05 0,5
w 10,5 25,75 0,05 0,5
w 9,5 27 0,1 1
w 9,5 27,25 0,05 0,5
w 9,5 26,75 0,05 0,5
w 10,5 27,25 0,05 0,5
w 10,5 26,75 0,05 0,5
w 9,5 28 0,1 1
w 10 28,5 1 0,1
w 9,5 28,25 0,05 0,5
w 9,5 27,75 0,05 0,5
w 10,5 28,25 0,05 0,5
w 10,5 27,75 0,05 0,5
w 11,5 28 0,1 1
w 11 28,5 1 0,1
w 11,5 27 0,1 1
w 11,5 26 0,1 1
w 11,5 25 0,1 1
w 11 24,5 1 0,1
b 92
w 9,5 29 0,1 1
w 10 28,5 1 0,1
w 9,5 29,25 0,05 0,5
w 9,5 28,75 0,05 0,5
w 10,5 29,25 0,05 0,5
w 10,5 28,75 0,05 0,5
w 9,5 30 0,1 1
w 9,5 30,25 0,05 0,5
w 9,5 29,75 0,05 0,5
w 10,5 30,25 0,05 0,5
w 10,5 29,75 0,05 0,5
w 9,5 31 0,1 1
w 9,5 31,25 0,05 0,5
w 9,5 30,75 0,05 0,5
w 10,5 31,25 0,05 0,5
w 10,5 30,75 0,05 0,5
w 9,5 32 0,1 1
w 10 32,5 1 0,1
w 9,5 32,25 0,05 0,5
w 9,5 31,75 0,05 0,5
w 10,5 32,25 0,05 0,5
w 10,5 31,75 0,05 0,5
w 11,5 32 0,1 1
w 11 32,5 1 0,1
w 11,5 31 0,1 1
w 11,5 30 0,1 1
w 11,5 29 0,1 1
w 11 28,5 1 0,1
b 93
w 11,5 33 0,1 1
w 12 32,5 1 0,1
w 11,5 33,25 0,05 0,5
w 11,5 32,75 0,05 0,5
w 12,5 33,25 0,05 0,5
w 12,5 32,75 0,05 0,5
w 11,5 34 0,1 1
w 11,5 34,25 0,05 0,5
w 11,5 33,75 0,05 0,5
w 12,5 34,25 0,05 0,5
w 12,5 33,75 0,05 0,5
w 11,5 35 0,1 1
w 12 35,5 1 0,1
w 11,5 35,25 0,05 0,5
w 11,5 34,75 0,05 0,5
w 12,5 35,25 0,05 0,5
w 12,5 34,75 0,05 0,5
w 13,5 35 0,1 1
w 13 35,5 1 0,1
w 13,5 34 0,1 1
w 13,5 33 0,1 1
w 13 32,5 1 0,1
b 94
w 16,5 23 0,1 1
w 17 23,5 1 0,1
w 16,5 22 0,1 1
w 16,75 22,5 0,5 0,05
w 16,75 21,5 0,5 0,05
w 17,25 22,5 0,5 0,05
w 17,25 21,5 0,5 0,05
w 16,5 21 0,1 1
w 17 20,5 1 0,1
w 18 20,5 1 0,1
w 17,75 22,5 0,5 0,05
w 17,75 21,5 0,5 0,05
w 18,25 22,5 0,5 0,05
w 18,25 21,5 0,5 0,05
w 18 23,5 1 0,1
w 19 23,5 1 0,1
w 19,5 23,25 0,05 0,5
w 19,5 22,75 0,05 0,5
w 18,75 22,5 0,5 0,05
w 18,75 21,5 0,5 0,05
w 19,25 22,5 0,5 0,05
w 19,25 21,5 0,5 0,05
w 19 20,5 1 0,1
w 19,5 21,25 0,05 0,5
w 19,5 20,75 0,05 0,5
w 20 20,5 1 0,1
w 19,75 22,5 0,5 0,05
w 19,75 21,5 0,5 0,05
w 20,25 22,5 0,5 0,05
w 20,25 21,5 0,5 0,05
w 20 23,5 1 0,1
w 21,5 23 0,1 1
w 21 23,5 1 0,1
w 21,5 22 0,1 1
w 20,75 22,5 0,5 0,05
w 20,75 21,5 0,5 0,05
w 21,25 22,5 0,5 0,05
w 21,25 21,5 0,5 0,05
w 21,5 21 0,1 1
w 21 20,5 1 0,1
b 95
w 16,5 27 0,1 1
w 17 27,5 1 0,1
w 16,5 26 0,1 1
w 16,5 25 0,1 1
w 16,75 25,5 0,5 0,05
w 16,75 24,5 0,5 0,05
w 17,25 25,5 0,5 0,05
w 17,25 24,5 0,5 0,05
w 16,5 24 0,1 1
w 17 23,5 1 0,1
w 18 23,5 1 0,1
w 17,75 25,5 0,5 0,05
w 17,75 24,5 0,5 0,05
w 18,25 25,5 0,5 0,05
w 18,25 24,5 0,5 0,05
w 18 27,5 1 0,1
w 19 27,5 1 0,1
w 18,75 25,5 0,5 0,05
w 18,75 24,5 0,5 0,05
w 19,25 25,5 0,5 0,05
w 19,25 24,5 0,5 0,05
w 19 23,5 1 0,1
w 20 23,5 1 0,1
w 19,75 25,5 0,5 0,05
w 19,75 24,5 0,5 0,05
w 20,25 25,5 0,5 0,05
w 20,25 24,5 0,5 0,05
w 20 27,5 1 0,1
w 21,5 27 0,1 1
w 21 27,5 1 0,1
w 21,5 26 0,1 1
w 21,5 25 0,1 1
w 20,75 25,5 0,5 0,05
w 20,75 24,5 0,5 0,05
w 21,25 25,5 0,5 0,05
w 21,25 24,5 0,5 0,05
w 21,5 24 0,1 1
w 21 23,5 1 0,1
b 96
w 21,5 17 0,1 1
w 22 16,5 1 0,1
w 21,5 18 0,1 1
w 21,5 19 0,1 1
w 21,5 20 0,1 1
w 21,5 21 0,1 1
w 21,5 22 0,1 1
w 22 22,5 1 0,1
w 23 22,5 1 0,1
w 23,5 20 0,1 1
w 23,5 19 0,1 1
w 23,5 18 0,1 1
w 23,5 17 0,1 1
w 23 16,5 1 0,1
w 24 20,5 1 0,1
w 23,5 21,25 0,05 0,5
w 23,5 20,75 0,05 0,5
w 24,5 21,25 0,05 0,5
w 24,5 20,75 0,05 0,5
w 24 22,5 1 0,1
w 23,5 22,25 0,05 0,5
w 23,5 21,75 0,05 0,5
w 24,5 22,25 0,05 0,5
w 24,5 21,75 0,05 0,5
w 25 22,5 1 0,1
w 25 20,5 1 0,1
w 26,5 21 0,1 1
w 26 20,5 1 0,1
w 26,5 22 0,1 1
w 26 22,5 1 0,1
b 97
w 19,5 4 0,1 1
w 20 3,5 1 0,1
w 19,5 5 0,1 1
w 19,75 5,5 0,5 0,05
w 19,75 4,5 0,5 0,05
w 20,25 5,5 0,5 0,05
w 20,25 4,5 0,5 0,05
w 19,5 6 0,1 1
w 20 6,5 1 0,1
w 21 6,5 1 0,1
w 21,5 6,25 0,05 0,5
w 21,5 5,75 0,05 0,5
w 20,75 5,5 0,5 0,05
w 20,75 4,5 0,5 0,05
w 21,25 5,5 0,5 0,05
w 21,25 4,5 0,5 0,05
w 21 3,5 1 0,1
w 21,5 4,25 0,05 0,5
w 21,5 3,75 0,05 0,5
w 22 3,5 1 0,1
w 21,75 5,5 0,5 0,05
w 21,75 4,5 0,5 0,05
w 22,25 5,5 0,5 0,05
w 22,25 4,5 0,5 0,05
w 22 6,5 1 0,1
w 23,5 6 0,1 1
w 23 6,5 1 0,1
w 23,5 5 0,1 1
w 22,75 5,5 0,5 0,05
w 22,75 4,5 0,5 0,05
w 23,25 5,5 0,5 0,05
w 23,25 4,5 0,5 0,05
w 23,5 4 0,1 1
w 23 3,5 1 0,1
b 98
w 19,5 7 0,1 1
w 20 6,5 1 0,1
w 19,5 8 0,1 1
w 19,75 8,5 0,5 0,05
w 19,75 7,5 0,5 0,05
w 20,25 8,5 0,5 0,05
w 20,25 7,5 0,5 0,05
w 19,5 9 0,1 1
w 19,5 10 0,1 1
w 20 10,5 1 0,1
w 21 10,5 1 0,1
w 21,5 10,25 0,05 0,5
w 21,5 9,75 0,05 0,5
w 21,5 9,25 0,05 0,5
w 21,5 8,75 0,05 0,5
w 20,75 8,5 0,5 0,05
w 20,75 7,5 0,5 0,05
w 21,25 8,5 0,5 0,05
w 21,25 7,5 0,5 0,05
w 21 6,5 1 0,1
w 21,5 7,25 0,05 0,5
w 21,5 6,75 0,05 0,5
w 22 6,5 1 0,1
w 22,5 7,25 0,05 0,5
w 22,5 6,75 0,05 0,5
w 21,75 8,5 0,5 0,05
w 21,75 7,5 0,5 0,05
w 22,25 8,5 0,5 0,05
w 22,25 7,5 0,5 0,05
w 22,5 9,25 0,05 0,5
w 22,5 8,75 0,05 0,5
w 22 10,5 1 0,1
w 22,5 10,25 0,05 0,5
w 22,5 9,75 0,05 0,5
w 23 10,5 1 0,1
w 23,5 8 0,1 1
w 22,75 8,5 0,5 0,05
w 22,75 7,5 0,5 0,05
w 23,25 8,5 0,5 0,05
w 23,25 7,5 0,5 0,05
w 23,5 7 0,1 1
w 23 6,5 1 0,1
w 24,5 9 0,1 1
w 24 8,5 1 0,1
w 24,5 10 0,1 1
w 24 10,5 1 0,1
b 99
w 24,5 17 0,1 1
w 25 16,5 1 0,1
w 24,5 18 0,1 1
w 24,75 18,5 0,5 0,05
w 24,75 17,5 0,5 0,05
w 25,25 18,5 0,5 0,05
w 25,25 17,5 0,5 0,05
w 24,5 19 0,1 1
w 25 19,5 1 0,1
w 26 19,5 1 0,1
w 25,75 18,5 0,5 0,05
w 25,75 17,5 0,5 0,05
w 26,25 18,5 0,5 0,05
w 26,25 17,5 0,5 0,05
w 26 16,5 1 0,1
w 27 16,5 1 0,1
w 27,5 17,25 0,05 0,5
w 27,5 16,75 0,05 0,5
w 26,75 18,5 0,5 0,05
w 26,75 17,5 0,5 0,05
w 27,25 18,5 0,5 0,05
w 27,25 17,5 0,5 0,05
w 27 19,5 1 0,1
w 27,5 19,25 0,05 0,5
w 27,5 18,75 0,05 0,5
w 28 19,5 1 0,1
w 27,75 18,5 0,5 0,05
w 27,75 17,5 0,5 0,05
w 28,25 18,5 0,5 0,05
w 28,25 17,5 0,5 0,05
w 28 16,5 1 0,1
w 29 16,5 1 0,1
w 28,75 18,5 0,5 0,05
w 28,75 17,5 0,5 0,05
w 29,25 18,5 0,5 0,05
w 29,25 17,5 0,5 0,05
w 29 19,5 1 0,1
w 30 19,5 1 0,1
w 29,75 18,5 0,5 0,05
w 29,75 17,5 0,5 0,05
w 30,25 18,5 0,5 0,05
w 30,25 17,5 0,5 0,05
w 30 16,5 1 0,1
w 31 16,5 1 0,1
w 30,75 18,5 0,5 0,05
w 30,75 17,5 0,5 0,05
w 31,25 18,5 0,5 0,05
w 31,25 17,5 0,5 0,05
w 31 19,5 1 0,1
w 32,5 19 0,1 1
w 32 19,5 1 0,1
w 32,5 18 0,1 1
w 31,75 18,5 0,5 0,05
w 31,75 17,5 0,5 0,05
w 32,25 18,5 0,5 0,05
w 32,25 17,5 0,5 0,05
w 32,5 17 0,1 1
w 32 16,5 1 0,1
b 100
w 34,5 9 0,1 1
w 35 9,5 1 0,1
w 34,5 8 0,1 1
w 34,5 7 0,1 1
w 34,75 7,5 0,5 0,05
w 35,25 7,5 0,5 0,05
w 34,5 6 0,1 1
w 34,5 5 0,1 1
w 34,5 4 0,1 1
w 35 3,5 1 0,1
w 36 3,5 1 0,1
w 35,5 4,25 0,05 0,5
w 35,5 3,75 0,05 0,5
w 36,5 4,25 0,05 0,5
w 36,5 3,75 0,05 0,5
w 35,5 5,25 0,05 0,5
w 35,5 4,75 0,05 0,5
w 36,5 5,25 0,05 0,5
w 36,5 4,75 0,05 0,5
w 35,5 6,25 0,05 0,5
w 35,5 5,75 0,05 0,5
w 36,5 6,25 0,05 0,5
w 36,5 5,75 0,05 0,5
w 35,5 7,25 0,05 0,5
w 35,5 6,75 0,05 0,5
w 36,5 7,25 0,05 0,5
w 36,5 6,75 0,05 0,5
w 35,5 8,25 0,05 0,5
w 35,5 7,75 0,05 0,5
w 36,5 8,25 0,05 0,5
w 36,5 7,75 0,05 0,5
w 36 9,5 1 0,1
w 35,5 9,25 0,05 0,5
w 35,5 8,75 0,05 0,5
w 36,5 9,25 0,05 0,5
w 36,5 8,75 0,05 0,5
w 37,5 9 0,1 1
w 37 9,5 1 0,1
w 37,5 8 0,1 1
w 37,5 7 0,1 1
w 36,75 7,5 0,5 0,05
w 37,25 7,5 0,5 0,05
w 37,5 6 0,1 1
w 37,5 5 0,1 1
w 37,5 4 0,1 1
w 37 3,5 1 0,1
b 101
w 34,5 15 0,1 1
w 35 15,5 1 0,1
w 34,5 14 0,1 1
w 34,5 13 0,1 1
w 34,5 12 0,1 1
w 34,5 11 0,1 1
w 34,5 10 0,1 1
w 35 9,5 1 0,1
w 36 9,5 1 0,1
w 35,5 10,25 0,05 0,5
w 35,5 9,75 0,05 0,5
w 36,5 10,25 0,05 0,5
w 36,5 9,75 0,05 0,5
w 35,5 11,25 0,05 0,5
w 35,5 10,75 0,05 0,5
w 36,5 11,25 0,05 0,5
w 36,5 10,75 0,05 0,5
w 35,5 12,25 0,05 0,5
w 35,5 11,75 0,05 0,5
w 36,5 12,25 0,05 0,5
w 36,5 11,75 0,05 0,5
w 35,5 13,25 0,05 0,5
w 35,5 12,75 0,05 0,5
w 36,5 13,25 0,05 0,5
w 36,5 12,75 0,05 0,5
w 35,5 14,25 0,05 0,5
w 35,5 13,75 0,05 0,5
w 36,5 14,25 0,05 0,5
w 36,5 13,75 0,05 0,5
w 36 15,5 1 0,1
w 35,5 15,25 0,05 0,5
w 35,5 14,75 0,05 0,5
w 36,5 15,25 0,05 0,5
w 36,5 14,75 0,05 0,5
w 37,5 15 0,1 1
w 37 15,5 1 0,1
w 37,5 14 0,1 1
w 37,5 13 0,1 1
w 37,5 12 0,1 1
w 37,5 11 0,1 1
w 37,5 10 0,1 1
w 37 9,5 1 0,1
b 102
w 38,5 7 0,1 1
w 37,5 7 0,1 1
w 38 6,5 1 0,1
w 38,5 8 0,1 1
w 37,5 8 0,1 1
w 37,5 9 0,1 1
w 37,5 10 0,1 1
w 37,75 10,5 0,5 0,05
w 37,75 9,5 0,5 0,05
w 38,25 10,5 0,5 0,05
w 38,25 9,5 0,5 0,05
w 37,5 11 0,1 1
w 38 11,5 1 0,1
w 39 11,5 1 0,1
w 38,75 10,5 0,5 0,05
w 38,75 9,5 0,5 0,05
w 39,25 10,5 0,5 0,05
w 39,25 9,5 0,5 0,05
w 39 8,5 1 0,1
w 40 8,5 1 0,1
w 40,5 9,25 0,05 0,5
w 40,5 8,75 0,05 0,5
w 39,75 10,5 0,5 0,05
w 39,75 9,5 0,5 0,05
w 40,25 10,5 0,5 0,05
w 40,25 9,5 0,5 0,05
w 40 11,5 1 0,1
w 40,5 11,25 0,05 0,5
w 40,5 10,75 0,05 0,5
w 41 11,5 1 0,1
w 42 11,5 1 0,1
w 41,75 10,5 0,5 0,05
w 41,75 9,5 0,5 0,05
w 42,25 10,5 0,5 0,05
w 42,25 9,5 0,5 0,05
w 40,75 10,5 0,5 0,05
w 40,75 9,5 0,5 0,05
w 41,25 10,5 0,5 0,05
w 41,25 9,5 0,5 0,05
w 41 8,5 1 0,1
w 42 8,5 1 0,1
w 43,5 9 0,1 1
w 43 8,5 1 0,1
w 43,5 10 0,1 1
w 42,75 10,5 0,5 0,05
w 42,75 9,5 0,5 0,05
w 43,25 10,5 0,5 0,05
w 43,25 9,5 0,5 0,05
w 43,5 11 0,1 1
w 43 11,5 1 0,1
b 103
w 4,5 14 0,1 1
w 5 13,5 1 0,1
w 4,5 15 0,1 1
w 4,5 16 0,1 1
w 4,75 16,5 0,5 0,05
w 4,75 15,5 0,5 0,05
w 5,25 16,5 0,5 0,05
w 5,25 15,5 0,5 0,05
w 4,5 17 0,1 1
w 4,5 18 0,1 1
w 5 18,5 1 0,1
w 6 18,5 1 0,1
w 5,75 16,5 0,5 0,05
w 5,75 15,5 0,5 0,05
w 6,25 16,5 0,5 0,05
w 6,25 15,5 0,5 0,05
w 6 13,5 1 0,1
w 7 13,5 1 0,1
w 6,75 16,5 0,5 0,05
w 6,75 15,5 0,5 0,05
w 7,25 16,5 0,5 0,05
w 7,25 15,5 0,5 0,05
w 7 18,5 1 0,1
w 8 18,5 1 0,1
w 8,5 16 0,1 1
w 7,75 16,5 0,5 0,05
w 7,75 15,5 0,5 0,05
w 8,25 16,5 0,5 0,05
w 8,25 15,5 0,5 0,05
w 8,5 15 0,1 1
w 8,5 14 0,1 1
w 8 13,5 1 0,1
w 9 16,5 1 0,1
w 9 18,5 1 0,1
w 11,5 18 0,1 1
w 11 18,5 1 0,1
w 10 18,5 1 0,1
w 10 16,5 1 0,1
w 11,5 17 0,1 1
w 11 16,5 1 0,1
b 104
w 4,5 19 0,1 1
w 5 19,5 1 0,1
w 5 18,5 1 0,1
w 6 19,5 1 0,1
w 6 18,5 1 0,1
w 7 19,5 1 0,1
w 7 18,5 1 0,1
w 8 19,5 1 0,1
w 8 18,5 1 0,1
w 9 19,5 1 0,1
w 9 18,5 1 0,1
w 10 18,5 1 0,1
w 9,5 19,25 0,05 0,5
w 9,5 18,75 0,05 0,5
w 10,5 19,25 0,05 0,5
w 10,5 18,75 0,05 0,5
w 9,5 20 0,1 1
w 9,5 20,25 0,05 0,5
w 9,5 19,75 0,05 0,5
w 10,5 20,25 0,05 0,5
w 10,5 19,75 0,05 0,5
w 9,5 21 0,1 1
w 9,5 21,25 0,05 0,5
w 9,5 20,75 0,05 0,5
w 10,5 21,25 0,05 0,5
w 10,5 20,75 0,05 0,5
w 9,5 22 0,1 1
w 9,5 22,25 0,05 0,5
w 9,5 21,75 0,05 0,5
w 10,5 22,25 0,05 0,5
w 10,5 21,75 0,05 0,5
w 9,5 23 0,1 1
w 9,5 23,25 0,05 0,5
w 9,5 22,75 0,05 0,5
w 10,5 23,25 0,05 0,5
w 10,5 22,75 0,05 0,5
w 9,5 24 0,1 1
w 10 24,5 1 0,1
w 9,5 24,25 0,05 0,5
w 9,5 23,75 0,05 0,5
w 10,5 24,25 0,05 0,5
w 10,5 23,75 0,05 0,5
w 11,5 24 0,1 1
w 11 24,5 1 0,1
w 11,5 23 0,1 1
w 11,5 22 0,1 1
w 10,75 22,5 0,5 0,05
w 11,25 22,5 0,5 0,05
w 11,5 21 0,1 1
w 10,75 21,5 0,5 0,05
w 11,25 21,5 0,5 0,05
w 11,5 20 0,1 1
w 11,5 19 0,1 1
w 11 18,5 1 0,1
b 105
w 11,5 23 0,1 1
w 12 22,5 1 0,1
w 11,5 24 0,1 1
w 11,5 25 0,1 1
w 11,5 26 0,1 1
w 11,5 27 0,1 1
w 11,5 28 0,1 1
w 12 28,5 1 0,1
w 13 28,5 1 0,1
w 13 22,5 1 0,1
w 14 22,5 1 0,1
w 13,5 23,25 0,05 0,5
w 13,5 22,75 0,05 0,5
w 14,5 23,25 0,05 0,5
w 14,5 22,75 0,05 0,5
w 13,5 24,25 0,05 0,5
w 13,5 23,75 0,05 0,5
w 14,5 24,25 0,05 0,5
w 14,5 23,75 0,05 0,5
w 13,5 25,25 0,05 0,5
w 13,5 24,75 0,05 0,5
w 14,5 25,25 0,05 0,5
w 14,5 24,75 0,05 0,5
w 13,5 26,25 0,05 0,5
w 13,5 25,75 0,05 0,5
w 14,5 26,25 0,05 0,5
w 14,5 25,75 0,05 0,5
w 13,5 27,25 0,05 0,5
w 13,5 26,75 0,05 0,5
w 14,5 27,25 0,05 0,5
w 14,5 26,75 0,05 0,5
w 14 28,5 1 0,1
w 13,5 28,25 0,05 0,5
w 13,5 27,75 0,05 0,5
w 14,5 28,25 0,05 0,5
w 14,5 27,75 0,05 0,5
w 15 28,5 1 0,1
w 15 22,5 1 0,1
w 16,5 23 0,1 1
w 16 22,5 1 0,1
w 16,5 24 0,1 1
w 16,5 25 0,1 1
w 16,5 26 0,1 1
w 16,5 27 0,1 1
w 16,5 28 0,1 1
w 16 28,5 1 0,1
b 106
w 11,5 29 0,1 1
w 12 28,5 1 0,1
w 11,5 30 0,1 1
w 11,75 30,5 0,5 0,05
w 11,75 29,5 0,5 0,05
w 12,25 30,5 0,5 0,05
w 12,25 29,5 0,5 0,05
w 11,5 31 0,1 1
w 11,5 32 0,1 1
w 12 32,5 1 0,1
w 13,5 32 0,1 1
w 13 32,5 1 0,1
w 12,75 30,5 0,5 0,05
w 12,75 29,5 0,5 0,05
w 13,25 30,5 0,5 0,05
w 13,25 29,5 0,5 0,05
w 13 28,5 1 0,1
w 14 28,5 1 0,1
w 13,75 30,5 0,5 0,05
w 13,75 29,5 0,5 0,05
w 14,25 30,5 0,5 0,05
w 14,25 29,5 0,5 0,05
w 14 31,5 1 0,1
w 15 31,5 1 0,1
w 14,75 30,5 0,5 0,05
w 14,75 29,5 0,5 0,05
w 15,25 30,5 0,5 0,05
w 15,25 29,5 0,5 0,05
w 15 28,5 1 0,1
w 16,5 29 0,1 1
w 16 28,5 1 0,1
w 16,5 30 0,1 1
w 15,75 30,5 0,5 0,05
w 15,75 29,5 0,5 0,05
w 16,25 30,5 0,5 0,05
w 16,25 29,5 0,5 0,05
w 16,5 31 0,1 1
w 16 31,5 1 0,1
b 107
w 16,5 20 0,1 1
w 17 20,5 1 0,1
w 16,5 19 0,1 1
w 16,5 18 0,1 1
w 16,75 18,5 0,5 0,05
w 16,75 17,5 0,5 0,05
w 17,25 18,5 0,5 0,05
w 17,25 17,5 0,5 0,05
w 16,5 17 0,1 1
w 17 16,5 1 0,1
w 18 16,5 1 0,1
w 17,75 18,5 0,5 0,05
w 17,75 17,5 0,5 0,05
w 18,25 18,5 0,5 0,05
w 18,25 17,5 0,5 0,05
w 18 20,5 1 0,1
w 19 20,5 1 0,1
w 19,5 20,25 0,05 0,5
w 19,5 19,75 0,05 0,5
w 19,5 19,25 0,05 0,5
w 19,5 18,75 0,05 0,5
w 18,75 18,5 0,5 0,05
w 18,75 17,5 0,5 0,05
w 19,25 18,5 0,5 0,05
w 19,25 17,5 0,5 0,05
w 19 16,5 1 0,1
w 19,5 17,25 0,05 0,5
w 19,5 16,75 0,05 0,5
w 20 16,5 1 0,1
w 19,75 18,5 0,5 0,05
w 19,75 17,5 0,5 0,05
w 20,25 18,5 0,5 0,05
w 20,25 17,5 0,5 0,05
w 20 20,5 1 0,1
w 21,5 20 0,1 1
w 21 20,5 1 0,1
w 21,5 19 0,1 1
w 21,5 18 0,1 1
w 20,75 18,5 0,5 0,05
w 20,75 17,5 0,5 0,05
w 21,25 18,5 0,5 0,05
w 21,25 17,5 0,5 0,05
w 21,5 17 0,1 1
w 21 16,5 1 0,1
b 108
w 19,5 0 0,1 1
w 20 -0,5 1 0,1
w 19,5 1 0,1 1
w 19,75 1,5 0,5 0,05
w 19,75 0,5 0,5 0,05
w 20,25 1,5 0,5 0,05
w 20,25 0,5 0,5 0,05
w 19,5 2 0,1 1
w 19,5 3 0,1 1
w 20 3,5 1 0,1
w 21 3,5 1 0,1
w 20,75 1,5 0,5 0,05
w 20,75 0,5 0,5 0,05
w 21,25 1,5 0,5 0,05
w 21,25 0,5 0,5 0,05
w 21 -0,5 1 0,1
w 22 -0,5 1 0,1
w 21,75 1,5 0,5 0,05
w 21,75 0,5 0,5 0,05
w 22,25 1,5 0,5 0,05
w 22,25 0,5 0,5 0,05
w 22 3,5 1 0,1
w 23,5 3 0,1 1
w 23 3,5 1 0,1
w 23,5 2 0,1 1
w 23,5 1 0,1 1
w 22,75 1,5 0,5 0,05
w 22,75 0,5 0,5 0,05
w 23,25 1,5 0,5 0,05
w 23,25 0,5 0,5 0,05
w 23,5 0 0,1 1
w 23 -0,5 1 0,1
b 109
w 34,5 3 0,1 1
w 35 3,5 1 0,1
w 34,5 2 0,1 1
w 34,5 1 0,1 1
w 34,5 0 0,1 1
w 35 -0,5 1 0,1
w 36 -0,5 1 0,1
w 35,5 0,25 0,05 0,5
w 35,5 -0,25 0,05 0,5
w 36,5 0,25 0,05 0,5
w 36,5 -0,25 0,05 0,5
w 35,5 1,25 0,05 0,5
w 35,5 0,75 0,05 0,5
w 36,5 1,25 0,05 0,5
w 36,5 0,75 0,05 0,5
w 35,5 2,25 0,05 0,5
w 35,5 1,75 0,05 0,5
w 36,5 2,25 0,05 0,5
w 36,5 1,75 0,05 0,5
w 36 3,5 1 0,1
w 35,5 3,25 0,05 0,5
w 35,5 2,75 0,05 0,5
w 36,5 3,25 0,05 0,5
w 36,5 2,75 0,05 0,5
w 37,5 3 0,1 1
w 37 3,5 1 0,1
w 37,5 2 0,1 1
w 37,5 1 0,1 1
w 37,5 0 0,1 1
w 37 -0,5 1 0,1
b 110
w 38,5 4 0,1 1
w 37,5 4 0,1 1
w 38 3,5 1 0,1
w 38,5 5 0,1 1
w 37,5 5 0,1 1
w 38,5 6 0,1 1
w 37,5 6 0,1 1
w 38 6,5 1 0,1
b 111
w 4,5 0 0,1 1
w 5 -0,5 1 0,1
w 4,5 1 0,1 1
w 4,5 2 0,1 1
w 4,75 2,5 0,5 0,05
w 5,25 2,5 0,5 0,05
w 4,5 3 0,1 1
w 4,5 4 0,1 1
w 5 4,5 1 0,1
w 6 4,5 1 0,1
w 5,5 4,25 0,05 0,5
w 5,5 3,75 0,05 0,5
w 6,5 4,25 0,05 0,5
w 6,5 3,75 0,05 0,5
w 5,5 3,25 0,05 0,5
w 5,5 2,75 0,05 0,5
w 6,5 3,25 0,05 0,5
w 6,5 2,75 0,05 0,5
w 5,5 2,25 0,05 0,5
w 5,5 1,75 0,05 0,5
w 6,5 2,25 0,05 0,5
w 6,5 1,75 0,05 0,5
w 5,5 1,25 0,05 0,5
w 5,5 0,75 0,05 0,5
w 6,5 1,25 0,05 0,5
w 6,5 0,75 0,05 0,5
w 6 -0,5 1 0,1
w 5,5 0,25 0,05 0,5
w 5,5 -0,25 0,05 0,5
w 6,5 0,25 0,05 0,5
w 6,5 -0,25 0,05 0,5
w 7 -0,5 1 0,1
w 6,75 2,5 0,5 0,05
w 7,25 2,5 0,5 0,05
w 7 4,5 1 0,1
w 8,5 4 0,1 1
w 8 4,5 1 0,1
w 8,5 3 0,1 1
w 8,5 2 0,1 1
w 7,75 2,5 0,5 0,05
w 8,25 2,5 0,5 0,05
w 8,5 1 0,1 1
w 8,5 0 0,1 1
w 8 -0,5 1 0,1
b 112
w 4,5 10 0,1 1
w 5 9,5 1 0,1
w 4,5 11 0,1 1
w 4,75 11,5 0,5 0,05
w 4,75 10,5 0,5 0,05
w 5,25 11,5 0,5 0,05
w 5,25 10,5 0,5 0,05
w 4,5 12 0,1 1
w 4,5 13 0,1 1
w 5 13,5 1 0,1
w 6 13,5 1 0,1
w 5,75 11,5 0,5 0,05
w 5,75 10,5 0,5 0,05
w 6,25 11,5 0,5 0,05
w 6,25 10,5 0,5 0,05
w 6 9,5 1 0,1
w 7 9,5 1 0,1
w 6,75 11,5 0,5 0,05
w 6,75 10,5 0,5 0,05
w 7,25 11,5 0,5 0,05
w 7,25 10,5 0,5 0,05
w 7 13,5 1 0,1
w 8,5 13 0,1 1
w 8 13,5 1 0,1
w 8,5 12 0,1 1
w 8,5 11 0,1 1
w 7,75 11,5 0,5 0,05
w 7,75 10,5 0,5 0,05
w 8,25 11,5 0,5 0,05
w 8,25 10,5 0,5 0,05
w 8,5 10 0,1 1
w 8 9,5 1 0,1
b 113
w 11,5 17 0,1 1
w 12 16,5 1 0,1
w 11,5 18 0,1 1
w 11,5 19 0,1 1
w 11,5 20 0,1 1
w 11,5 21 0,1 1
w 11,5 22 0,1 1
w 12 22,5 1 0,1
w 13 22,5 1 0,1
w 13 16,5 1 0,1
w 14 16,5 1 0,1
w 13,5 17,25 0,05 0,5
w 13,5 16,75 0,05 0,5
w 14,5 17,25 0,05 0,5
w 14,5 16,75 0,05 0,5
w 13,5 18,25 0,05 0,5
w 13,5 17,75 0,05 0,5
w 14,5 18,25 0,05 0,5
w 14,5 17,75 0,05 0,5
w 13,5 19,25 0,05 0,5
w 13,5 18,75 0,05 0,5
w 14,5 19,25 0,05 0,5
w 14,5 18,75 0,05 0,5
w 13,5 20,25 0,05 0,5
w 13,5 19,75 0,05 0,5
w 14,5 20,25 0,05 0,5
w 14,5 19,75 0,05 0,5
w 13,5 21,25 0,05 0,5
w 13,5 20,75 0,05 0,5
w 14,5 21,25 0,05 0,5
w 14,5 20,75 0,05 0,5
w 14 22,5 1 0,1
w 13,5 22,25 0,05 0,5
w 13,5 21,75 0,05 0,5
w 14,5 22,25 0,05 0,5
w 14,5 21,75 0,05 0,5
w 15 22,5 1 0,1
w 15 16,5 1 0,1
w 16,5 17 0,1 1
w 16 16,5 1 0,1
w 16,5 18 0,1 1
w 16,5 19 0,1 1
w 16,5 20 0,1 1
w 16,5 21 0,1 1
w 16,5 22 0,1 1
w 16 22,5 1 0,1
b 114
w 38,5 0 0,1 1
w 37,5 0 0,1 1
w 38 -0,5 1 0,1
w 37,5 0,25 0,05 0,5
w 37,5 -0,25 0,05 0,5
w 38,5 0,25 0,05 0,5
w 38,5 -0,25 0,05 0,5
w 38,5 1 0,1 1
w 37,5 1 0,1 1
w 37,5 1,25 0,05 0,5
w 37,5 0,75 0,05 0,5
w 38,5 1,25 0,05 0,5
w 38,5 0,75 0,05 0,5
w 38,5 2 0,1 1
w 37,5 2 0,1 1
w 37,5 2,25 0,05 0,5
w 37,5 1,75 0,05 0,5
w 38,5 2,25 0,05 0,5
w 38,5 1,75 0,05 0,5
w 38,5 3 0,1 1
w 37,5 3 0,1 1
w 38 3,5 1 0,1
w 37,5 3,25 0,05 0,5
w 37,5 2,75 0,05 0,5
w 38,5 3,25 0,05 0,5
w 38,5 2,75 0,05 0,5
b 115
w 4,5 5 0,1 1
w 5 4,5 1 0,1
w 4,5 6 0,1 1
w 4,5 7 0,1 1
w 4,5 8 0,1 1
w 4,5 9 0,1 1
w 5 9,5 1 0,1
w 6 9,5 1 0,1
w 5,5 9,25 0,05 0,5
w 5,5 8,75 0,05 0,5
w 6,5 9,25 0,05 0,5
w 6,5 8,75 0,05 0,5
w 5,5 8,25 0,05 0,5
w 5,5 7,75 0,05 0,5
w 6,5 8,25 0,05 0,5
w 6,5 7,75 0,05 0,5
w 5,5 7,25 0,05 0,5
w 5,5 6,75 0,05 0,5
w 6,5 7,25 0,05 0,5
w 6,5 6,75 0,05 0,5
w 5,5 6,25 0,05 0,5
w 5,5 5,75 0,05 0,5
w 6,5 6,25 0,05 0,5
w 6,5 5,75 0,05 0,5
w 6 4,5 1 0,1
w 5,5 5,25 0,05 0,5
w 5,5 4,75 0,05 0,5
w 6,5 5,25 0,05 0,5
w 6,5 4,75 0,05 0,5
w 7 4,5 1 0,1
w 7 9,5 1 0,1
w 8,5 9 0,1 1
w 8 9,5 1 0,1
w 8,5 8 0,1 1
w 8,5 7 0,1 1
w 8,5 6 0,1 1
w 8,5 5 0,1 1
w 8 4,5 1 0,1
r 4 0
r 4 1
r 4 2
r 4 3
r 4 4
r 4 5
r 4 6
r 4 7
r 4 9
r 4 10
r 4 11
r 4 13
r 4 14
r 4 15
r 4 17
r 4 18
r 4 19
r 4 29
r 4 30
r 4 31
r 4 37
r 4 38
r 4 39
r 4 41
r 4 42
r 4 43
r 4 45
r 4 46
r 4 47
r 4 48
r 4 49
r 9 0
r 9 1
r 9 2
r 9 3
r 9 4
r 9 5
r 9 6
r 9 7
r 9 9
r 9 10
r 9 11
r 9 13
r 9 14
r 9 15
r 9 21
r 9 22
r 9 23
r 9 25
r 9 26
r 9 27
r 9 29
r 9 30
r 9 31
r 9 33
r 9 34
r 9 35
r 9 45
r 9 46
r 9 47
r 9 48
r 9 49
r 14 0
r 14 1
r 14 2
r 14 3
r 14 4
r 14 5
r 14 6
r 14 7
r 14 13
r 14 14
r 14 15
r 14 33
r 14 34
r 14 35
r 14 41
r 14 42
r 14 43
r 14 45
r 14 46
r 14 47
r 14 48
r 14 49
r 19 0
r 19 1
r 19 2
r 19 3
r 19 4
r 19 5
r 19 6
r 19 7
r 19 9
r 19 10
r 19 11
r 19 13
r 19 14
r 19 15
r 19 37
r 19 38
r 19 39
r 24 0
r 24 1
r 24 2
r 24 3
r 24 4
r 24 5
r 24 6
r 24 7
r 24 17
r 24 18
r 24 19
r 24 37
r 24 38
r 24 39
r 24 41
r 24 42
r 24 43
r 24 45
r 24 46
r 24 47
r 24 48
r 24 49
r 29 21
r 29 22
r 29 23
r 29 33
r 29 34
r 29 35
r 29 37
r 29 38
r 29 39
r 29 41
r 29 42
r 29 43
r 29 45
r 29 46
r 29 47
r 29 48
r 29 49
r 34 0
r 34 1
r 34 2
r 34 3
r 34 4
r 34 5
r 34 6
r 34 7
r 34 9
r 34 10
r 34 11
r 34 13
r 34 14
r 34 15
r 34 25
r 34 26
r 34 27
r 34 45
r 34 46
r 34 47
r 34 48
r 34 49
r 39 0
r 39 1
r 39 2
r 39 3
r 39 4
r 39 5
r 39 6
r 39 7
r 39 25
r 39 26
r 39 27
r 39 29
r 39 30
r 39 31
r 39 33
r 39 34
r 39 35
r 39 37
r 39 38
r 39 39
r 39 41
r 39 42
r 39 43
r 39 45
r 39 46
r 39 47
r 39 48
r 39 49
r 44 0
r 44 1
r 44 2
r 44 3
r 44 4
r 44 5
r 44 6
r 44 7
r 44 9
r 44 10
r 44 11
r 44 13
r 44 14
r 44 15
r 44 17
r 44 18
r 44 19
r 44 21
r 44 22
r 44 23
r 44 29
r 44 30
r 44 31
r 44 37
r 44 38
r 44 39
r 44 41
r 44 42
r 44 43
r 44 45
r 44 46
r 44 47
r 44 48
r 44 49
r 10 8
r 11 8
r 12 8
r 13 8
r 25 8
r 26 8
r 27 8
r 28 8
r 30 8
r 31 8
r 32 8
r 33 8
r 40 8
r 41 8
r 42 8
r 43 8
r 45 8
r 46 8
r 47 8
r 48 8
r 49 8
r 10 12
r 11 12
r 12 12
r 13 12
r 15 12
r 16 12
r 17 12
r 18 12
r 45 12
r 46 12
r 47 12
r 48 12
r 49 12
r 0 16
r 1 16
r 2 16
r 3 16
r 10 16
r 11 16
r 12 16
r 13 16
r 15 16
r 16 16
r 17 16
r 18 16
r 20 16
r 21 16
r 22 16
r 23 16
r 25 16
r 26 16
r 27 16
r 28 16
r 30 16
r 31 16
r 32 16
r 33 16
r 45 16
r 46 16
r 47 16
r 48 16
r 49 16
r 0 20
r 1 20
r 2 20
r 3 20
r 5 20
r 6 20
r 7 20
r 8 20
r 25 20
r 26 20
r 27 20
r 28 20
r 30 20
r 31 20
r 32 20
r 33 20
r 45 20
r 46 20
r 47 20
r 48 20
r 49 20
r 0 24
r 1 24
r 2 24
r 3 24
r 5 24
r 6 24
r 7 24
r 8 24
r 25 24
r 26 24
r 27 24
r 28 24
r 30 24
r 31 24
r 32 24
r 33 24
r 40 24
r 41 24
r 42 24
r 43 24
r 45 24
r 46 24
r 47 24
r 48 24
r 49 24
r 0 28
r 1 28
r 2 28
r 3 28
r 35 28
r 36 28
r 37 28
r 38 28
r 45 28
r 46 28
r 47 28
r 48 28
r 49 28
r 0 32
r 1 32
r 2 32
r 3 32
r 5 32
r 6 32
r 7 32
r 8 32
r 15 32
r 16 32
r 17 32
r 18 32
r 20 32
r 21 32
r 22 32
r 23 32
r 25 32
r 26 32
r 27 32
r 28 32
r 40 32
r 41 32
r 42 32
r 43 32
r 45 32
r 46 32
r 47 32
r 48 32
r 49 32
r 0 36
r 1 36
r 2 36
r 3 36
r 10 36
r 11 36
r 12 36
r 13 36
r 15 36
r 16 36
r 17 36
r 18 36
r 20 36
r 21 36
r 22 36
r 23 36
r 25 36
r 26 36
r 27 36
r 28 36
r 45 36
r 46 36
r 47 36
r 48 36
r 49 36
r 0 40
r 1 40
r 2 40
r 3 40
r 5 40
r 6 40
r 7 40
r 8 40
r 10 40
r 11 40
r 12 40
r 13 40
r 15 40
r 16 40
r 17 40
r 18 40
r 20 40
r 21 40
r 22 40
r 23 40
r 45 40
r 46 40
r 47 40
r 48 40
r 49 40
r 10 44
r 11 44
r 12 44
r 13 44
r 15 44
r 16 44
r 17 44
r 18 44
r 20 44
r 21 44
r 22 44
r 23 44
r 30 44
r 31 44
r 32 44
r 33 44
r 35 44
r 36 44
r 37 44
r 38 44
r 40 44
r 41 44
r 42 44
r 43 44
