b 0
w -0,5 0 0,1 1
w 0 -0,5 1 0,1
w -0,5 1 0,1 1
w -0,5 2 0,1 1
w -0,25 2,5 0,5 0,05
w 0,25 2,5 0,5 0,05
w -0,5 3 0,1 1
w -0,5 4 0,1 1
w 0 4,5 1 0,1
w 1 4,5 1 0,1
w 0,5 4,25 0,05 0,5
w 0,5 3,75 0,05 0,5
w 1,5 4,25 0,05 0,5
w 1,5 3,75 0,05 0,5
w 0,5 3,25 0,05 0,5
w 0,5 2,75 0,05 0,5
w 1,5 3,25 0,05 0,5
w 1,5 2,75 0,05 0,5
w 0,5 2,25 0,05 0,5
w 0,5 1,75 0,05 0,5
w 1,5 2,25 0,05 0,5
w 1,5 1,75 0,05 0,5
w 0,5 1,25 0,05 0,5
w 0,5 0,75 0,05 0,5
w 1,5 1,25 0,05 0,5
w 1,5 0,75 0,05 0,5
w 1 -0,5 1 0,1
w 0,5 0,25 0,05 0,5
w 0,5 -0,25 0,05 0,5
w 1,5 0,25 0,05 0,5
w 1,5 -0,25 0,05 0,5
w 2 -0,5 1 0,1
w 1,75 2,5 0,5 0,05
w 2,25 2,5 0,5 0,05
w 2 4,5 1 0,1
w 3,5 4 0,1 1
w 3 4,5 1 0,1
w 3,5 3 0,1 1
w 3,5 2 0,1 1
w 2,75 2,5 0,5 0,05
w 3,25 2,5 0,5 0,05
w 3,5 1 0,1 1
w 3,5 0 0,1 1
w 3 -0,5 1 0,1
b 1
w 23,5 28 0,1 1
w 24 27,5 1 0,1
w 23,5 29 0,1 1
w 23,5 30 0,1 1
w 23,5 31 0,1 1
w 23,5 32 0,1 1
w 23,5 33 0,1 1
w 23,5 34 0,1 1
w 24 34,5 1 0,1
w 25 34,5 1 0,1
w 25 27,5 1 0,1
w 26 27,5 1 0,1
w 25,5 28,25 0,05 0,5
w 25,5 27,75 0,05 0,5
w 26,5 28,25 0,05 0,5
w 26,5 27,75 0,05 0,5
w 25,5 29,25 0,05 0,5
w 25,5 28,75 0,05 0,5
w 26,5 29,25 0,05 0,5
w 26,5 28,75 0,05 0,5
w 25,5 30,25 0,05 0,5
w 25,5 29,75 0,05 0,5
w 26,5 30,25 0,05 0,5
w 26,5 29,75 0,05 0,5
w 25,5 31,25 0,05 0,5
w 25,5 30,75 0,05 0,5
w 26,5 31,25 0,05 0,5
w 26,5 30,75 0,05 0,5
w 25,5 32,25 0,05 0,5
w 25,5 31,75 0,05 0,5
w 26,5 32,25 0,05 0,5
w 26,5 31,75 0,05 0,5
w 25,5 33,25 0,05 0,5
w 25,5 32,75 0,05 0,5
w 26,5 33,25 0,05 0,5
w 26,5 32,75 0,05 0,5
w 26 34,5 1 0,1
w 25,5 34,25 0,05 0,5
w 25,5 33,75 0,05 0,5
w 26,5 34,25 0,05 0,5
w 26,5 33,75 0,05 0,5
w 27 34,5 1 0,1
w 27 27,5 1 0,1
w 28,5 28 0,1 1
w 28 27,5 1 0,1
w 28,5 29 0,1 1
w 28,5 30 0,1 1
w 28,5 31 0,1 1
w 28,5 32 0,1 1
w 28,5 33 0,1 1
w 28,5 34 0,1 1
w 28 34,5 1 0,1
b 2
w -0,5 18 0,1 1
w 0 17,5 1 0,1
w -0,5 19 0,1 1
w -0,5 20 0,1 1
w -0,5 21 0,1 1
w -0,5 22 0,1 1
w 0 22,5 1 0,1
w 1 22,5 1 0,1
w 0,5 22,25 0,05 0,5
w 0,5 21,75 0,05 0,5
w 1,5 22,25 0,05 0,5
w 1,5 21,75 0,05 0,5
w 0,5 21,25 0,05 0,5
w 0,5 20,75 0,05 0,5
w 1,5 21,25 0,05 0,5
w 1,5 20,75 0,05 0,5
w 0,5 20,25 0,05 0,5
w 0,5 19,75 0,05 0,5
w 1,5 20,25 0,05 0,5
w 1,5 19,75 0,05 0,5
w 0,5 19,25 0,05 0,5
w 0,5 18,75 0,05 0,5
w 1,5 19,25 0,05 0,5
w 1,5 18,75 0,05 0,5
w 1 17,5 1 0,1
w 0,5 18,25 0,05 0,5
w 0,5 17,75 0,05 0,5
w 1,5 18,25 0,05 0,5
w 1,5 17,75 0,05 0,5
w 2 17,5 1 0,1
w 2 22,5 1 0,1
w 3,5 22 0,1 1
w 3 22,5 1 0,1
w 3,5 21 0,1 1
w 3,5 20 0,1 1
w 3,5 19 0,1 1
w 3,5 18 0,1 1
w 3 17,5 1 0,1
b 3
w 8,5 25 0,1 1
w 7,5 25 0,1 1
w 8 24,5 1 0,1
w 8,5 26 0,1 1
w 7,5 26 0,1 1
w 8,5 27 0,1 1
w 7,5 27 0,1 1
w 8,5 28 0,1 1
w 7,5 28 0,1 1
w 8,5 29 0,1 1
w 7,5 29 0,1 1
w 8,5 30 0,1 1
w 7,5 30 0,1 1
w 8,5 31 0,1 1
w 7,5 31 0,1 1
w 8,5 32 0,1 1
w 7,5 32 0,1 1
w 8,5 33 0,1 1
w 7,5 33 0,1 1
w 8,5 34 0,1 1
w 7,5 34 0,1 1
w 8 34,5 1 0,1
b 4
w 4,5 40 0,1 1
w 5 40,5 1 0,1
w 4,5 39 0,1 1
w 4,5 38 0,1 1
w 4,5 37 0,1 1
w 4,5 36 0,1 1
w 5 35,5 1 0,1
w 6 35,5 1 0,1
w 5,5 36,25 0,05 0,5
w 5,5 35,75 0,05 0,5
w 6,5 36,25 0,05 0,5
w 6,5 35,75 0,05 0,5
w 5,5 37,25 0,05 0,5
w 5,5 36,75 0,05 0,5
w 6,5 37,25 0,05 0,5
w 6,5 36,75 0,05 0,5
w 5,5 38,25 0,05 0,5
w 5,5 37,75 0,05 0,5
w 6,5 38,25 0,05 0,5
w 6,5 37,75 0,05 0,5
w 5,5 39,25 0,05 0,5
w 5,5 38,75 0,05 0,5
w 6,5 39,25 0,05 0,5
w 6,5 38,75 0,05 0,5
w 6 40,5 1 0,1
w 5,5 40,25 0,05 0,5
w 5,5 39,75 0,05 0,5
w 6,5 40,25 0,05 0,5
w 6,5 39,75 0,05 0,5
w 7 40,5 1 0,1
w 7 35,5 1 0,1
w 8,5 36 0,1 1
w 8 35,5 1 0,1
w 8,5 37 0,1 1
w 8,5 38 0,1 1
w 8,5 39 0,1 1
w 8,5 40 0,1 1
w 8 40,5 1 0,1
b 5
w -0,5 42 0,1 1
w 0 41,5 1 0,1
w -0,5 43 0,1 1
w -0,5 44 0,1 1
w -0,5 45 0,1 1
w -0,5 46 0,1 1
w -0,5 47 0,1 1
w -0,5 48 0,1 1
w -0,5 49 0,1 1
w 0 49,5 1 0,1
w 1 49,5 1 0,1
w 0,5 49,25 0,05 0,5
w 0,5 48,75 0,05 0,5
w 1,5 49,25 0,05 0,5
w 1,5 48,75 0,05 0,5
w 0,5 48,25 0,05 0,5
w 0,5 47,75 0,05 0,5
w 1,5 48,25 0,05 0,5
w 1,5 47,75 0,05 0,5
w 0,5 47,25 0,05 0,5
w 0,5 46,75 0,05 0,5
w 1,5 47,25 0,05 0,5
w 1,5 46,75 0,05 0,5
w 0,5 46,25 0,05 0,5
w 0,5 45,75 0,05 0,5
w 1,5 46,25 0,05 0,5
w 1,5 45,75 0,05 0,5
w 0,5 45,25 0,05 0,5
w 0,5 44,75 0,05 0,5
w 1,5 45,25 0,05 0,5
w 1,5 44,75 0,05 0,5
w 0,5 44,25 0,05 0,5
w 0,5 43,75 0,05 0,5
w 1,5 44,25 0,05 0,5
w 1,5 43,75 0,05 0,5
w 0,5 43,25 0,05 0,5
w 0,5 42,75 0,05 0,5
w 1,5 43,25 0,05 0,5
w 1,5 42,75 0,05 0,5
w 1 41,5 1 0,1
w 0,5 42,25 0,05 0,5
w 0,5 41,75 0,05 0,5
w 1,5 42,25 0,05 0,5
w 1,5 41,75 0,05 0,5
w 2 41,5 1 0,1
w 2 49,5 1 0,1
w 3,5 49 0,1 1
w 3 49,5 1 0,1
w 3,5 48 0,1 1
w 3,5 47 0,1 1
w 3,5 46 0,1 1
w 3,5 45 0,1 1
w 3,5 44 0,1 1
w 3,5 43 0,1 1
w 3,5 42 0,1 1
w 3 41,5 1 0,1
b 6
w 4,5 0 0,1 1
w 5 -0,5 1 0,1
w 4,5 1 0,1 1
w 4,5 2 0,1 1
w 4,5 3 0,1 1
w 4,5 4 0,1 1
w 5 4,5 1 0,1
w 6 4,5 1 0,1
w 5,5 4,25 0,05 0,5
w 5,5 3,75 0,05 0,5
w 6,5 4,25 0,05 0,5
w 6,5 3,75 0,05 0,5
w 5,5 3,25 0,05 0,5
w 5,5 2,75 0,05 0,5
w 6,5 3,25 0,05 0,5
w 6,5 2,75 0,05 0,5
w 5,5 2,25 0,05 0,5
w 5,5 1,75 0,05 0,5
w 6,5 2,25 0,05 0,5
w 6,5 1,75 0,05 0,5
w 5,5 1,25 0,05 0,5
w 5,5 0,75 0,05 0,5
w 6,5 1,25 0,05 0,5
w 6,5 0,75 0,05 0,5
w 6 -0,5 1 0,1
w 5,5 0,25 0,05 0,5
w 5,5 -0,25 0,05 0,5
w 6,5 0,25 0,05 0,5
w 6,5 -0,25 0,05 0,5
w 7 -0,5 1 0,1
w 7 4,5 1 0,1
w 8,5 4 0,1 1
w 8 4,5 1 0,1
w 8,5 3 0,1 1
w 8,5 2 0,1 1
w 8,5 1 0,1 1
w 8,5 0 0,1 1
w 8 -0,5 1 0,1
b 7
w 9,5 16 0,1 1
w 10 16,5 1 0,1
w 9,5 15 0,1 1
w 9,5 14 0,1 1
w 9,75 14,5 0,5 0,05
w 10,25 14,5 0,5 0,05
w 9,5 13 0,1 1
w 9,5 12 0,1 1
w 10 11,5 1 0,1
w 11 11,5 1 0,1
w 10,5 12,25 0,05 0,5
w 10,5 11,75 0,05 0,5
w 11,5 12,25 0,05 0,5
w 11,5 11,75 0,05 0,5
w 10,5 13,25 0,05 0,5
w 10,5 12,75 0,05 0,5
w 11,5 13,25 0,05 0,5
w 11,5 12,75 0,05 0,5
w 10,5 14,25 0,05 0,5
w 10,5 13,75 0,05 0,5
w 11,5 14,25 0,05 0,5
w 11,5 13,75 0,05 0,5
w 10,5 15,25 0,05 0,5
w 10,5 14,75 0,05 0,5
w 11,5 15,25 0,05 0,5
w 11,5 14,75 0,05 0,5
w 11 16,5 1 0,1
w 10,5 16,25 0,05 0,5
w 10,5 15,75 0,05 0,5
w 11,5 16,25 0,05 0,5
w 11,5 15,75 0,05 0,5
w 12 16,5 1 0,1
w 11,75 14,5 0,5 0,05
w 12,25 14,5 0,5 0,05
w 12 11,5 1 0,1
w 13,5 12 0,1 1
w 13 11,5 1 0,1
w 13,5 13 0,1 1
w 13,5 14 0,1 1
w 12,75 14,5 0,5 0,05
w 13,25 14,5 0,5 0,05
w 13,5 15 0,1 1
w 13,5 16 0,1 1
w 13 16,5 1 0,1
b 8
w 4,5 42 0,1 1
w 5 41,5 1 0,1
w 4,5 43 0,1 1
w 4,75 43,5 0,5 0,05
w 5,25 43,5 0,5 0,05
w 4,5 44 0,1 1
w 4,75 44,5 0,5 0,05
w 5,25 44,5 0,5 0,05
w 4,5 45 0,1 1
w 4,5 46 0,1 1
w 4,5 47 0,1 1
w 4,75 47,5 0,5 0,05
w 5,25 47,5 0,5 0,05
w 4,5 48 0,1 1
w 4,5 49 0,1 1
w 5 49,5 1 0,1
w 6 49,5 1 0,1
w 5,5 49,25 0,05 0,5
w 5,5 48,75 0,05 0,5
w 6,5 49,25 0,05 0,5
w 6,5 48,75 0,05 0,5
w 5,5 48,25 0,05 0,5
w 5,5 47,75 0,05 0,5
w 6,5 48,25 0,05 0,5
w 6,5 47,75 0,05 0,5
w 5,5 47,25 0,05 0,5
w 5,5 46,75 0,05 0,5
w 6,5 47,25 0,05 0,5
w 6,5 46,75 0,05 0,5
w 5,5 46,25 0,05 0,5
w 5,5 45,75 0,05 0,5
w 6,5 46,25 0,05 0,5
w 6,5 45,75 0,05 0,5
w 5,5 45,25 0,05 0,5
w 5,5 44,75 0,05 0,5
w 6,5 45,25 0,05 0,5
w 6,5 44,75 0,05 0,5
w 5,5 44,25 0,05 0,5
w 5,5 43,75 0,05 0,5
w 6,5 44,25 0,05 0,5
w 6,5 43,75 0,05 0,5
w 5,5 43,25 0,05 0,5
w 5,5 42,75 0,05 0,5
w 6,5 43,25 0,05 0,5
w 6,5 42,75 0,05 0,5
w 6 41,5 1 0,1
w 5,5 42,25 0,05 0,5
w 5,5 41,75 0,05 0,5
w 6,5 42,25 0,05 0,5
w 6,5 41,75 0,05 0,5
w 7 41,5 1 0,1
w 6,75 43,5 0,5 0,05
w 7,25 43,5 0,5 0,05
w 6,75 44,5 0,5 0,05
w 7,25 44,5 0,5 0,05
w 6,75 47,5 0,5 0,05
w 7,25 47,5 0,5 0,05
w 7 49,5 1 0,1
w 8,5 49 0,1 1
w 8 49,5 1 0,1
w 8,5 48 0,1 1
w 8,5 47 0,1 1
w 7,75 47,5 0,5 0,05
w 8,25 47,5 0,5 0,05
w 8,5 46 0,1 1
w 8,5 45 0,1 1
w 8,5 44 0,1 1
w 7,75 44,5 0,5 0,05
w 8,25 44,5 0,5 0,05
w 8,5 43 0,1 1
w 7,75 43,5 0,5 0,05
w 8,25 43,5 0,5 0,05
w 8,5 42 0,1 1
w 8 41,5 1 0,1
b 9
w 9,5 0 0,1 1
w 10 -0,5 1 0,1
w 9,5 1 0,1 1
w 9,5 2 0,1 1
w 9,5 3 0,1 1
w 9,5 4 0,1 1
w 10 4,5 1 0,1
w 11 4,5 1 0,1
w 10,5 4,25 0,05 0,5
w 10,5 3,75 0,05 0,5
w 11,5 4,25 0,05 0,5
w 11,5 3,75 0,05 0,5
w 10,5 3,25 0,05 0,5
w 10,5 2,75 0,05 0,5
w 11,5 3,25 0,05 0,5
w 11,5 2,75 0,05 0,5
w 10,5 2,25 0,05 0,5
w 10,5 1,75 0,05 0,5
w 11,5 2,25 0,05 0,5
w 11,5 1,75 0,05 0,5
w 10,5 1,25 0,05 0,5
w 10,5 0,75 0,05 0,5
w 11,5 1,25 0,05 0,5
w 11,5 0,75 0,05 0,5
w 11 -0,5 1 0,1
w 10,5 0,25 0,05 0,5
w 10,5 -0,25 0,05 0,5
w 11,5 0,25 0,05 0,5
w 11,5 -0,25 0,05 0,5
w 12 -0,5 1 0,1
w 12 4,5 1 0,1
w 13,5 4 0,1 1
w 13 4,5 1 0,1
w 13,5 3 0,1 1
w 13,5 2 0,1 1
w 13,5 1 0,1 1
w 13,5 0 0,1 1
w 13 -0,5 1 0,1
b 10
w 9,5 42 0,1 1
w 10 41,5 1 0,1
w 9,5 43 0,1 1
w 9,75 43,5 0,5 0,05
w 10,25 43,5 0,5 0,05
w 9,5 44 0,1 1
w 9,5 45 0,1 1
w 9,5 46 0,1 1
w 9,5 47 0,1 1
w 9,75 47,5 0,5 0,05
w 10,25 47,5 0,5 0,05
w 9,5 48 0,1 1
w 9,5 49 0,1 1
w 10 49,5 1 0,1
w 11 49,5 1 0,1
w 10,5 49,25 0,05 0,5
w 10,5 48,75 0,05 0,5
w 11,5 49,25 0,05 0,5
w 11,5 48,75 0,05 0,5
w 10,5 48,25 0,05 0,5
w 10,5 47,75 0,05 0,5
w 11,5 48,25 0,05 0,5
w 11,5 47,75 0,05 0,5
w 10,5 47,25 0,05 0,5
w 10,5 46,75 0,05 0,5
w 11,5 47,25 0,05 0,5
w 11,5 46,75 0,05 0,5
w 10,5 46,25 0,05 0,5
w 10,5 45,75 0,05 0,5
w 11,5 46,25 0,05 0,5
w 11,5 45,75 0,05 0,5
w 10,5 45,25 0,05 0,5
w 10,5 44,75 0,05 0,5
w 11,5 45,25 0,05 0,5
w 11,5 44,75 0,05 0,5
w 10,5 44,25 0,05 0,5
w 10,5 43,75 0,05 0,5
w 11,5 44,25 0,05 0,5
w 11,5 43,75 0,05 0,5
w 10,5 43,25 0,05 0,5
w 10,5 42,75 0,05 0,5
w 11,5 43,25 0,05 0,5
w 11,5 42,75 0,05 0,5
w 11 41,5 1 0,1
w 10,5 42,25 0,05 0,5
w 10,5 41,75 0,05 0,5
w 11,5 42,25 0,05 0,5
w 11,5 41,75 0,05 0,5
w 12 41,5 1 0,1
w 11,75 43,5 0,5 0,05
w 12,25 43,5 0,5 0,05
w 11,75 47,5 0,5 0,05
w 12,25 47,5 0,5 0,05
w 12 49,5 1 0,1
w 13,5 49 0,1 1
w 13 49,5 1 0,1
w 13,5 48 0,1 1
w 13,5 47 0,1 1
w 12,75 47,5 0,5 0,05
w 13,25 47,5 0,5 0,05
w 13,5 46 0,1 1
w 13,5 45 0,1 1
w 13,5 44 0,1 1
w 13,5 43 0,1 1
w 12,75 43,5 0,5 0,05
w 13,25 43,5 0,5 0,05
w 13,5 42 0,1 1
w 13 41,5 1 0,1
b 11
w 14,5 0 0,1 1
w 15 -0,5 1 0,1
w 14,5 1 0,1 1
w 14,5 2 0,1 1
w 14,5 3 0,1 1
w 14,5 4 0,1 1
w 15 4,5 1 0,1
w 16 4,5 1 0,1
w 15,5 4,25 0,05 0,5
w 15,5 3,75 0,05 0,5
w 16,5 4,25 0,05 0,5
w 16,5 3,75 0,05 0,5
w 15,5 3,25 0,05 0,5
w 15,5 2,75 0,05 0,5
w 16,5 3,25 0,05 0,5
w 16,5 2,75 0,05 0,5
w 15,5 2,25 0,05 0,5
w 15,5 1,75 0,05 0,5
w 16,5 2,25 0,05 0,5
w 16,5 1,75 0,05 0,5
w 15,5 1,25 0,05 0,5
w 15,5 0,75 0,05 0,5
w 16,5 1,25 0,05 0,5
w 16,5 0,75 0,05 0,5
w 16 -0,5 1 0,1
w 15,5 0,25 0,05 0,5
w 15,5 -0,25 0,05 0,5
w 16,5 0,25 0,05 0,5
w 16,5 -0,25 0,05 0,5
w 17 -0,5 1 0,1
w 17 4,5 1 0,1
w 18,5 4 0,1 1
w 18 4,5 1 0,1
w 18,5 3 0,1 1
w 18,5 2 0,1 1
w 18,5 1 0,1 1
w 18,5 0 0,1 1
w 18 -0,5 1 0,1
b 12
w 28,5 49 0,1 1
w 27,5 49 0,1 1
w 28 49,5 1 0,1
w 27,5 49,25 0,05 0,5
w 27,5 48,75 0,05 0,5
w 28,5 49,25 0,05 0,5
w 28,5 48,75 0,05 0,5
w 28,5 48 0,1 1
w 27,5 48 0,1 1
w 27,5 48,25 0,05 0,5
w 27,5 47,75 0,05 0,5
w 28,5 48,25 0,05 0,5
w 28,5 47,75 0,05 0,5
w 28,5 47 0,1 1
w 27,5 47 0,1 1
w 27,5 47,25 0,05 0,5
w 27,5 46,75 0,05 0,5
w 28,5 47,25 0,05 0,5
w 28,5 46,75 0,05 0,5
w 28,5 46 0,1 1
w 27,5 46 0,1 1
w 27,5 46,25 0,05 0,5
w 27,5 45,75 0,05 0,5
w 28,5 46,25 0,05 0,5
w 28,5 45,75 0,05 0,5
w 28,5 45 0,1 1
w 27,5 45 0,1 1
w 27,5 45,25 0,05 0,5
w 27,5 44,75 0,05 0,5
w 28,5 45,25 0,05 0,5
w 28,5 44,75 0,05 0,5
w 28,5 44 0,1 1
w 27,5 44 0,1 1
w 28 43,5 1 0,1
w 27,5 44,25 0,05 0,5
w 27,5 43,75 0,05 0,5
w 28,5 44,25 0,05 0,5
w 28,5 43,75 0,05 0,5
b 13
w 19,5 0 0,1 1
w 20 -0,5 1 0,1
w 19,5 1 0,1 1
w 19,5 2 0,1 1
w 19,5 3 0,1 1
w 19,5 4 0,1 1
w 20 4,5 1 0,1
w 21 4,5 1 0,1
w 20,5 4,25 0,05 0,5
w 20,5 3,75 0,05 0,5
w 21,5 4,25 0,05 0,5
w 21,5 3,75 0,05 0,5
w 20,5 3,25 0,05 0,5
w 20,5 2,75 0,05 0,5
w 21,5 3,25 0,05 0,5
w 21,5 2,75 0,05 0,5
w 20,5 2,25 0,05 0,5
w 20,5 1,75 0,05 0,5
w 21,5 2,25 0,05 0,5
w 21,5 1,75 0,05 0,5
w 20,5 1,25 0,05 0,5
w 20,5 0,75 0,05 0,5
w 21,5 1,25 0,05 0,5
w 21,5 0,75 0,05 0,5
w 21 -0,5 1 0,1
w 20,5 0,25 0,05 0,5
w 20,5 -0,25 0,05 0,5
w 21,5 0,25 0,05 0,5
w 21,5 -0,25 0,05 0,5
w 22 -0,5 1 0,1
w 22 4,5 1 0,1
w 23,5 4 0,1 1
w 23 4,5 1 0,1
w 23,5 3 0,1 1
w 23,5 2 0,1 1
w 23,5 1 0,1 1
w 23,5 0 0,1 1
w 23 -0,5 1 0,1
b 14
w 19,5 36 0,1 1
w 20 35,5 1 0,1
w 19,5 37 0,1 1
w 19,5 38 0,1 1
w 19,5 39 0,1 1
w 19,5 40 0,1 1
w 20 40,5 1 0,1
w 21 40,5 1 0,1
w 20,5 40,25 0,05 0,5
w 20,5 39,75 0,05 0,5
w 21,5 40,25 0,05 0,5
w 21,5 39,75 0,05 0,5
w 20,5 39,25 0,05 0,5
w 20,5 38,75 0,05 0,5
w 21,5 39,25 0,05 0,5
w 21,5 38,75 0,05 0,5
w 20,5 38,25 0,05 0,5
w 20,5 37,75 0,05 0,5
w 21,5 38,25 0,05 0,5
w 21,5 37,75 0,05 0,5
w 20,5 37,25 0,05 0,5
w 20,5 36,75 0,05 0,5
w 21,5 37,25 0,05 0,5
w 21,5 36,75 0,05 0,5
w 21 35,5 1 0,1
w 20,5 36,25 0,05 0,5
w 20,5 35,75 0,05 0,5
w 21,5 36,25 0,05 0,5
w 21,5 35,75 0,05 0,5
w 22 35,5 1 0,1
w 22 40,5 1 0,1
w 23,5 40 0,1 1
w 23 40,5 1 0,1
w 23,5 39 0,1 1
w 23,5 38 0,1 1
w 23,5 37 0,1 1
w 23,5 36 0,1 1
w 23 35,5 1 0,1
b 15
w 24,5 0 0,1 1
w 25 -0,5 1 0,1
w 24,5 1 0,1 1
w 24,5 2 0,1 1
w 24,75 2,5 0,5 0,05
w 25,25 2,5 0,5 0,05
w 24,5 3 0,1 1
w 24,5 4 0,1 1
w 25 4,5 1 0,1
w 26 4,5 1 0,1
w 25,5 4,25 0,05 0,5
w 25,5 3,75 0,05 0,5
w 26,5 4,25 0,05 0,5
w 26,5 3,75 0,05 0,5
w 25,5 3,25 0,05 0,5
w 25,5 2,75 0,05 0,5
w 26,5 3,25 0,05 0,5
w 26,5 2,75 0,05 0,5
w 25,5 2,25 0,05 0,5
w 25,5 1,75 0,05 0,5
w 26,5 2,25 0,05 0,5
w 26,5 1,75 0,05 0,5
w 25,5 1,25 0,05 0,5
w 25,5 0,75 0,05 0,5
w 26,5 1,25 0,05 0,5
w 26,5 0,75 0,05 0,5
w 26 -0,5 1 0,1
w 25,5 0,25 0,05 0,5
w 25,5 -0,25 0,05 0,5
w 26,5 0,25 0,05 0,5
w 26,5 -0,25 0,05 0,5
w 27 -0,5 1 0,1
w 26,75 2,5 0,5 0,05
w 27,25 2,5 0,5 0,05
w 27 4,5 1 0,1
w 28,5 4 0,1 1
w 28 4,5 1 0,1
w 28,5 3 0,1 1
w 28,5 2 0,1 1
w 27,75 2,5 0,5 0,05
w 28,25 2,5 0,5 0,05
w 28,5 1 0,1 1
w 28,5 0 0,1 1
w 28 -0,5 1 0,1
b 16
w 29,5 8 0,1 1
w 30 7,5 1 0,1
w 29,5 9 0,1 1
w 29,5 10 0,1 1
w 29,5 11 0,1 1
w 29,5 12 0,1 1
w 29,5 13 0,1 1
w 29,5 14 0,1 1
w 29,5 15 0,1 1
w 29,5 16 0,1 1
w 30 16,5 1 0,1
w 31 16,5 1 0,1
w 30,5 16,25 0,05 0,5
w 30,5 15,75 0,05 0,5
w 31,5 16,25 0,05 0,5
w 31,5 15,75 0,05 0,5
w 30,5 15,25 0,05 0,5
w 30,5 14,75 0,05 0,5
w 31,5 15,25 0,05 0,5
w 31,5 14,75 0,05 0,5
w 30,5 14,25 0,05 0,5
w 30,5 13,75 0,05 0,5
w 31,5 14,25 0,05 0,5
w 31,5 13,75 0,05 0,5
w 30,5 13,25 0,05 0,5
w 30,5 12,75 0,05 0,5
w 31,5 13,25 0,05 0,5
w 31,5 12,75 0,05 0,5
w 30,5 12,25 0,05 0,5
w 30,5 11,75 0,05 0,5
w 31,5 12,25 0,05 0,5
w 31,5 11,75 0,05 0,5
w 30,5 11,25 0,05 0,5
w 30,5 10,75 0,05 0,5
w 31,5 11,25 0,05 0,5
w 31,5 10,75 0,05 0,5
w 30,5 10,25 0,05 0,5
w 30,5 9,75 0,05 0,5
w 31,5 10,25 0,05 0,5
w 31,5 9,75 0,05 0,5
w 30,5 9,25 0,05 0,5
w 30,5 8,75 0,05 0,5
w 31,5 9,25 0,05 0,5
w 31,5 8,75 0,05 0,5
w 31 7,5 1 0,1
w 30,5 8,25 0,05 0,5
w 30,5 7,75 0,05 0,5
w 31,5 8,25 0,05 0,5
w 31,5 7,75 0,05 0,5
w 32 7,5 1 0,1
w 32 16,5 1 0,1
w 33,5 16 0,1 1
w 33 16,5 1 0,1
w 33,5 15 0,1 1
w 33,5 14 0,1 1
w 33,5 13 0,1 1
w 33,5 12 0,1 1
w 33,5 11 0,1 1
w 33,5 10 0,1 1
w 33,5 9 0,1 1
w 33,5 8 0,1 1
w 33 7,5 1 0,1
b 17
w 35,5 26 0,1 1
w 36 25,5 1 0,1
w 35,5 27 0,1 1
w 35,5 28 0,1 1
w 35,75 28,5 0,5 0,05
w 36,25 28,5 0,5 0,05
w 35,5 29 0,1 1
w 35,75 29,5 0,5 0,05
w 36,25 29,5 0,5 0,05
w 35,5 30 0,1 1
w 35,5 31 0,1 1
w 35,5 32 0,1 1
w 35,5 33 0,1 1
w 35,5 34 0,1 1
w 36 34,5 1 0,1
w 37 34,5 1 0,1
w 36,5 34,25 0,05 0,5
w 36,5 33,75 0,05 0,5
w 37,5 34,25 0,05 0,5
w 37,5 33,75 0,05 0,5
w 36,5 33,25 0,05 0,5
w 36,5 32,75 0,05 0,5
w 37,5 33,25 0,05 0,5
w 37,5 32,75 0,05 0,5
w 36,5 32,25 0,05 0,5
w 36,5 31,75 0,05 0,5
w 37,5 32,25 0,05 0,5
w 37,5 31,75 0,05 0,5
w 36,5 31,25 0,05 0,5
w 36,5 30,75 0,05 0,5
w 37,5 31,25 0,05 0,5
w 37,5 30,75 0,05 0,5
w 36,5 30,25 0,05 0,5
w 36,5 29,75 0,05 0,5
w 37,5 30,25 0,05 0,5
w 37,5 29,75 0,05 0,5
w 36,5 29,25 0,05 0,5
w 36,5 28,75 0,05 0,5
w 37,5 29,25 0,05 0,5
w 37,5 28,75 0,05 0,5
w 36,5 28,25 0,05 0,5
w 36,5 27,75 0,05 0,5
w 37,5 28,25 0,05 0,5
w 37,5 27,75 0,05 0,5
w 36,5 27,25 0,05 0,5
w 36,5 26,75 0,05 0,5
w 37,5 27,25 0,05 0,5
w 37,5 26,75 0,05 0,5
w 37 25,5 1 0,1
w 36,5 26,25 0,05 0,5
w 36,5 25,75 0,05 0,5
w 37,5 26,25 0,05 0,5
w 37,5 25,75 0,05 0,5
w 38,5 26 0,1 1
w 38 25,5 1 0,1
w 38,5 27 0,1 1
w 38,5 28 0,1 1
w 37,75 28,5 0,5 0,05
w 38,25 28,5 0,5 0,05
w 38,5 29 0,1 1
w 37,75 29,5 0,5 0,05
w 38,25 29,5 0,5 0,05
w 38,5 30 0,1 1
w 38,5 31 0,1 1
w 38,5 32 0,1 1
w 38,5 33 0,1 1
w 38,5 34 0,1 1
w 38 34,5 1 0,1
b 18
w 29,5 42 0,1 1
w 30 41,5 1 0,1
w 29,5 43 0,1 1
w 29,5 44 0,1 1
w 29,5 45 0,1 1
w 29,5 46 0,1 1
w 29,5 47 0,1 1
w 29,5 48 0,1 1
w 29,5 49 0,1 1
w 30 49,5 1 0,1
w 31 49,5 1 0,1
w 30,5 49,25 0,05 0,5
w 30,5 48,75 0,05 0,5
w 31,5 49,25 0,05 0,5
w 31,5 48,75 0,05 0,5
w 30,5 48,25 0,05 0,5
w 30,5 47,75 0,05 0,5
w 31,5 48,25 0,05 0,5
w 31,5 47,75 0,05 0,5
w 30,5 47,25 0,05 0,5
w 30,5 46,75 0,05 0,5
w 31,5 47,25 0,05 0,5
w 31,5 46,75 0,05 0,5
w 30,5 46,25 0,05 0,5
w 30,5 45,75 0,05 0,5
w 31,5 46,25 0,05 0,5
w 31,5 45,75 0,05 0,5
w 30,5 45,25 0,05 0,5
w 30,5 44,75 0,05 0,5
w 31,5 45,25 0,05 0,5
w 31,5 44,75 0,05 0,5
w 30,5 44,25 0,05 0,5
w 30,5 43,75 0,05 0,5
w 31,5 44,25 0,05 0,5
w 31,5 43,75 0,05 0,5
w 30,5 43,25 0,05 0,5
w 30,5 42,75 0,05 0,5
w 31,5 43,25 0,05 0,5
w 31,5 42,75 0,05 0,5
w 31 41,5 1 0,1
w 30,5 42,25 0,05 0,5
w 30,5 41,75 0,05 0,5
w 31,5 42,25 0,05 0,5
w 31,5 41,75 0,05 0,5
w 32 41,5 1 0,1
w 32 49,5 1 0,1
w 33,5 49 0,1 1
w 33 49,5 1 0,1
w 33,5 48 0,1 1
w 33,5 47 0,1 1
w 33,5 46 0,1 1
w 33,5 45 0,1 1
w 33,5 44 0,1 1
w 33,5 43 0,1 1
w 33,5 42 0,1 1
w 33 41,5 1 0,1
b 19
w 34,5 44 0,1 1
w 35 43,5 1 0,1
w 34,5 45 0,1 1
w 34,5 46 0,1 1
w 34,5 47 0,1 1
w 34,5 48 0,1 1
w 34,5 49 0,1 1
w 35 49,5 1 0,1
w 36 49,5 1 0,1
w 35,5 49,25 0,05 0,5
w 35,5 48,75 0,05 0,5
w 36,5 49,25 0,05 0,5
w 36,5 48,75 0,05 0,5
w 35,5 48,25 0,05 0,5
w 35,5 47,75 0,05 0,5
w 36,5 48,25 0,05 0,5
w 36,5 47,75 0,05 0,5
w 35,5 47,25 0,05 0,5
w 35,5 46,75 0,05 0,5
w 36,5 47,25 0,05 0,5
w 36,5 46,75 0,05 0,5
w 35,5 46,25 0,05 0,5
w 35,5 45,75 0,05 0,5
w 36,5 46,25 0,05 0,5
w 36,5 45,75 0,05 0,5
w 35,5 45,25 0,05 0,5
w 35,5 44,75 0,05 0,5
w 36,5 45,25 0,05 0,5
w 36,5 44,75 0,05 0,5
w 36 43,5 1 0,1
w 35,5 44,25 0,05 0,5
w 35,5 43,75 0,05 0,5
w 36,5 44,25 0,05 0,5
w 36,5 43,75 0,05 0,5
w 37 43,5 1 0,1
w 37 49,5 1 0,1
w 38,5 49 0,1 1
w 38 49,5 1 0,1
w 38,5 48 0,1 1
w 38,5 47 0,1 1
w 38,5 46 0,1 1
w 38,5 45 0,1 1
w 38,5 44 0,1 1
w 38 43,5 1 0,1
b 20
w 44,5 12 0,1 1
w 45 11,5 1 0,1
w 44,5 13 0,1 1
w 44,5 14 0,1 1
w 44,75 14,5 0,5 0,05
w 44,75 13,5 0,5 0,05
w 45,25 14,5 0,5 0,05
w 45,25 13,5 0,5 0,05
w 44,5 15 0,1 1
w 44,5 16 0,1 1
w 45 16,5 1 0,1
w 46 16,5 1 0,1
w 45,75 14,5 0,5 0,05
w 45,75 13,5 0,5 0,05
w 46,25 14,5 0,5 0,05
w 46,25 13,5 0,5 0,05
w 46 11,5 1 0,1
w 47 11,5 1 0,1
w 47,5 12,25 0,05 0,5
w 47,5 11,75 0,05 0,5
w 47,5 13,25 0,05 0,5
w 47,5 12,75 0,05 0,5
w 46,75 14,5 0,5 0,05
w 46,75 13,5 0,5 0,05
w 47,25 14,5 0,5 0,05
w 47,25 13,5 0,5 0,05
w 47,5 15,25 0,05 0,5
w 47,5 14,75 0,05 0,5
w 47 16,5 1 0,1
w 47,5 16,25 0,05 0,5
w 47,5 15,75 0,05 0,5
w 48 16,5 1 0,1
w 47,75 14,5 0,5 0,05
w 47,75 13,5 0,5 0,05
w 48,25 14,5 0,5 0,05
w 48,25 13,5 0,5 0,05
w 48 11,5 1 0,1
w 49,5 12 0,1 1
w 49 11,5 1 0,1
w 49,5 13 0,1 1
w 49,5 14 0,1 1
w 48,75 14,5 0,5 0,05
w 48,75 13,5 0,5 0,05
w 49,25 14,5 0,5 0,05
w 49,25 13,5 0,5 0,05
w 49,5 15 0,1 1
w 49,5 16 0,1 1
w 49 16,5 1 0,1
b 21
w 39,5 18 0,1 1
w 40 17,5 1 0,1
w 39,5 19 0,1 1
w 39,5 20 0,1 1
w 39,5 21 0,1 1
w 39,5 22 0,1 1
w 40 22,5 1 0,1
w 41 22,5 1 0,1
w 40,5 22,25 0,05 0,5
w 40,5 21,75 0,05 0,5
w 41,5 22,25 0,05 0,5
w 41,5 21,75 0,05 0,5
w 40,5 21,25 0,05 0,5
w 40,5 20,75 0,05 0,5
w 41,5 21,25 0,05 0,5
w 41,5 20,75 0,05 0,5
w 40,5 20,25 0,05 0,5
w 40,5 19,75 0,05 0,5
w 41,5 20,25 0,05 0,5
w 41,5 19,75 0,05 0,5
w 40,5 19,25 0,05 0,5
w 40,5 18,75 0,05 0,5
w 41,5 19,25 0,05 0,5
w 41,5 18,75 0,05 0,5
w 41 17,5 1 0,1
w 40,5 18,25 0,05 0,5
w 40,5 17,75 0,05 0,5
w 41,5 18,25 0,05 0,5
w 41,5 17,75 0,05 0,5
w 42 17,5 1 0,1
w 42 22,5 1 0,1
w 43,5 22 0,1 1
w 43 22,5 1 0,1
w 43,5 21 0,1 1
w 43,5 20 0,1 1
w 43,5 19 0,1 1
w 43,5 18 0,1 1
w 43 17,5 1 0,1
b 22
w 44,5 28 0,1 1
w 45 28,5 1 0,1
w 44,5 27 0,1 1
w 44,5 26 0,1 1
w 44,75 26,5 0,5 0,05
w 44,75 25,5 0,5 0,05
w 45,25 26,5 0,5 0,05
w 45,25 25,5 0,5 0,05
w 44,5 25 0,1 1
w 44,5 24 0,1 1
w 45 23,5 1 0,1
w 46 23,5 1 0,1
w 45,75 26,5 0,5 0,05
w 45,75 25,5 0,5 0,05
w 46,25 26,5 0,5 0,05
w 46,25 25,5 0,5 0,05
w 46 28,5 1 0,1
w 47 28,5 1 0,1
w 46,75 26,5 0,5 0,05
w 46,75 25,5 0,5 0,05
w 47,25 26,5 0,5 0,05
w 47,25 25,5 0,5 0,05
w 47 23,5 1 0,1
w 48 23,5 1 0,1
w 47,75 26,5 0,5 0,05
w 47,75 25,5 0,5 0,05
w 48,25 26,5 0,5 0,05
w 48,25 25,5 0,5 0,05
w 48 28,5 1 0,1
w 49,5 28 0,1 1
w 49 28,5 1 0,1
w 49,5 27 0,1 1
w 49,5 26 0,1 1
w 48,75 26,5 0,5 0,05
w 48,75 25,5 0,5 0,05
w 49,25 26,5 0,5 0,05
w 49,25 25,5 0,5 0,05
w 49,5 25 0,1 1
w 49,5 24 0,1 1
w 49 23,5 1 0,1
b 23
w 44,5 49 0,1 1
w 45 49,5 1 0,1
w 44,5 48 0,1 1
w 44,5 47 0,1 1
w 44,5 46 0,1 1
w 44,75 46,5 0,5 0,05
w 45,25 46,5 0,5 0,05
w 44,5 45 0,1 1
w 44,75 45,5 0,5 0,05
w 45,25 45,5 0,5 0,05
w 44,5 44 0,1 1
w 44,5 43 0,1 1
w 44,5 42 0,1 1
w 45 41,5 1 0,1
w 46 41,5 1 0,1
w 45,75 45,5 0,5 0,05
w 46,25 45,5 0,5 0,05
w 45,75 46,5 0,5 0,05
w 46,25 46,5 0,5 0,05
w 46 49,5 1 0,1
w 47 49,5 1 0,1
w 46,5 49,25 0,05 0,5
w 46,5 48,75 0,05 0,5
w 47,5 49,25 0,05 0,5
w 47,5 48,75 0,05 0,5
w 46,5 48,25 0,05 0,5
w 46,5 47,75 0,05 0,5
w 47,5 48,25 0,05 0,5
w 47,5 47,75 0,05 0,5
w 46,5 47,25 0,05 0,5
w 46,5 46,75 0,05 0,5
w 47,5 47,25 0,05 0,5
w 47,5 46,75 0,05 0,5
w 46,5 46,25 0,05 0,5
w 46,5 45,75 0,05 0,5
w 47,5 46,25 0,05 0,5
w 47,5 45,75 0,05 0,5
w 46,5 45,25 0,05 0,5
w 46,5 44,75 0,05 0,5
w 47,5 45,25 0,05 0,5
w 47,5 44,75 0,05 0,5
w 46,5 44,25 0,05 0,5
w 46,5 43,75 0,05 0,5
w 47,5 44,25 0,05 0,5
w 47,5 43,75 0,05 0,5
w 46,5 43,25 0,05 0,5
w 46,5 42,75 0,05 0,5
w 47,5 43,25 0,05 0,5
w 47,5 42,75 0,05 0,5
w 47 41,5 1 0,1
w 46,5 42,25 0,05 0,5
w 46,5 41,75 0,05 0,5
w 47,5 42,25 0,05 0,5
w 47,5 41,75 0,05 0,5
w 48 41,5 1 0,1
w 47,75 45,5 0,5 0,05
w 48,25 45,5 0,5 0,05
w 47,75 46,5 0,5 0,05
w 48,25 46,5 0,5 0,05
w 48 49,5 1 0,1
w 49,5 49 0,1 1
w 49 49,5 1 0,1
w 49,5 48 0,1 1
w 49,5 47 0,1 1
w 49,5 46 0,1 1
w 48,75 46,5 0,5 0,05
w 49,25 46,5 0,5 0,05
w 49,5 45 0,1 1
w 48,75 45,5 0,5 0,05
w 49,25 45,5 0,5 0,05
w 49,5 44 0,1 1
w 49,5 43 0,1 1
w 49,5 42 0,1 1
w 49 41,5 1 0,1
b 24
w 44,5 0 0,1 1
w 45 -0,5 1 0,1
w 44,5 1 0,1 1
w 44,5 2 0,1 1
w 44,75 2,5 0,5 0,05
w 44,75 1,5 0,5 0,05
w 45,25 2,5 0,5 0,05
w 45,25 1,5 0,5 0,05
w 44,5 3 0,1 1
w 44,5 4 0,1 1
w 45 4,5 1 0,1
w 46 4,5 1 0,1
w 46,5 4,25 0,05 0,5
w 46,5 3,75 0,05 0,5
w 46,5 3,25 0,05 0,5
w 46,5 2,75 0,05 0,5
w 45,75 2,5 0,5 0,05
w 45,75 1,5 0,5 0,05
w 46,25 2,5 0,5 0,05
w 46,25 1,5 0,5 0,05
w 46,5 1,25 0,05 0,5
w 46,5 0,75 0,05 0,5
w 46 -0,5 1 0,1
w 46,5 0,25 0,05 0,5
w 46,5 -0,25 0,05 0,5
w 47 -0,5 1 0,1
w 46,75 2,5 0,5 0,05
w 46,75 1,5 0,5 0,05
w 47,25 2,5 0,5 0,05
w 47,25 1,5 0,5 0,05
w 47 4,5 1 0,1
w 48 4,5 1 0,1
w 47,75 2,5 0,5 0,05
w 47,75 1,5 0,5 0,05
w 48,25 2,5 0,5 0,05
w 48,25 1,5 0,5 0,05
w 48 -0,5 1 0,1
w 49,5 0 0,1 1
w 49 -0,5 1 0,1
w 49,5 1 0,1 1
w 49,5 2 0,1 1
w 48,75 2,5 0,5 0,05
w 48,75 1,5 0,5 0,05
w 49,25 2,5 0,5 0,05
w 49,25 1,5 0,5 0,05
w 49,5 3 0,1 1
w 49,5 4 0,1 1
w 49 4,5 1 0,1
b 25
w 44,5 18 0,1 1
w 45 17,5 1 0,1
w 44,5 19 0,1 1
w 44,5 20 0,1 1
w 44,75 20,5 0,5 0,05
w 44,75 19,5 0,5 0,05
w 45,25 20,5 0,5 0,05
w 45,25 19,5 0,5 0,05
w 44,5 21 0,1 1
w 44,5 22 0,1 1
w 45 22,5 1 0,1
w 46 22,5 1 0,1
w 45,75 20,5 0,5 0,05
w 45,75 19,5 0,5 0,05
w 46,25 20,5 0,5 0,05
w 46,25 19,5 0,5 0,05
w 46 17,5 1 0,1
w 47 17,5 1 0,1
w 46,75 20,5 0,5 0,05
w 46,75 19,5 0,5 0,05
w 47,25 20,5 0,5 0,05
w 47,25 19,5 0,5 0,05
w 47 22,5 1 0,1
w 48 22,5 1 0,1
w 47,75 20,5 0,5 0,05
w 47,75 19,5 0,5 0,05
w 48,25 20,5 0,5 0,05
w 48,25 19,5 0,5 0,05
w 48 17,5 1 0,1
w 49,5 18 0,1 1
w 49 17,5 1 0,1
w 49,5 19 0,1 1
w 49,5 20 0,1 1
w 48,75 20,5 0,5 0,05
w 48,75 19,5 0,5 0,05
w 49,25 20,5 0,5 0,05
w 49,25 19,5 0,5 0,05
w 49,5 21 0,1 1
w 49,5 22 0,1 1
w 49 22,5 1 0,1
b 26
w 44,5 30 0,1 1
w 45 29,5 1 0,1
w 44,5 31 0,1 1
w 44,5 32 0,1 1
w 44,75 32,5 0,5 0,05
w 44,75 31,5 0,5 0,05
w 45,25 32,5 0,5 0,05
w 45,25 31,5 0,5 0,05
w 44,5 33 0,1 1
w 44,5 34 0,1 1
w 45 34,5 1 0,1
w 46 34,5 1 0,1
w 45,75 32,5 0,5 0,05
w 45,75 31,5 0,5 0,05
w 46,25 32,5 0,5 0,05
w 46,25 31,5 0,5 0,05
w 46 29,5 1 0,1
w 47 29,5 1 0,1
w 46,75 32,5 0,5 0,05
w 46,75 31,5 0,5 0,05
w 47,25 32,5 0,5 0,05
w 47,25 31,5 0,5 0,05
w 47 34,5 1 0,1
w 48 34,5 1 0,1
w 47,75 32,5 0,5 0,05
w 47,75 31,5 0,5 0,05
w 48,25 32,5 0,5 0,05
w 48,25 31,5 0,5 0,05
w 48 29,5 1 0,1
w 49,5 30 0,1 1
w 49 29,5 1 0,1
w 49,5 31 0,1 1
w 49,5 32 0,1 1
w 48,75 32,5 0,5 0,05
w 48,75 31,5 0,5 0,05
w 49,25 32,5 0,5 0,05
w 49,25 31,5 0,5 0,05
w 49,5 33 0,1 1
w 49,5 34 0,1 1
w 49 34,5 1 0,1
b 27
w 44,5 36 0,1 1
w 45 35,5 1 0,1
w 44,5 37 0,1 1
w 44,5 38 0,1 1
w 44,75 38,5 0,5 0,05
w 44,75 37,5 0,5 0,05
w 45,25 38,5 0,5 0,05
w 45,25 37,5 0,5 0,05
w 44,5 39 0,1 1
w 44,5 40 0,1 1
w 45 40,5 1 0,1
w 46 40,5 1 0,1
w 45,75 38,5 0,5 0,05
w 45,75 37,5 0,5 0,05
w 46,25 38,5 0,5 0,05
w 46,25 37,5 0,5 0,05
w 46 35,5 1 0,1
w 47 35,5 1 0,1
w 46,75 38,5 0,5 0,05
w 46,75 37,5 0,5 0,05
w 47,25 38,5 0,5 0,05
w 47,25 37,5 0,5 0,05
w 47 40,5 1 0,1
w 48 40,5 1 0,1
w 47,75 38,5 0,5 0,05
w 47,75 37,5 0,5 0,05
w 48,25 38,5 0,5 0,05
w 48,25 37,5 0,5 0,05
w 48 35,5 1 0,1
w 49,5 36 0,1 1
w 49 35,5 1 0,1
w 49,5 37 0,1 1
w 49,5 38 0,1 1
w 48,75 38,5 0,5 0,05
w 48,75 37,5 0,5 0,05
w 49,25 38,5 0,5 0,05
w 49,25 37,5 0,5 0,05
w 49,5 39 0,1 1
w 49,5 40 0,1 1
w 49 40,5 1 0,1
b 28
w 10,5 36 0,1 1
w 9,5 36 0,1 1
w 10 35,5 1 0,1
w 10,5 37 0,1 1
w 9,5 37 0,1 1
w 10,5 38 0,1 1
w 9,5 38 0,1 1
w 10,5 39 0,1 1
w 9,5 39 0,1 1
w 10,5 40 0,1 1
w 9,5 40 0,1 1
w 10 40,5 1 0,1
b 29
w 16,5 40 0,1 1
w 17 40,5 1 0,1
w 16,5 40,25 0,05 0,5
w 16,5 39,75 0,05 0,5
w 17,5 40,25 0,05 0,5
w 17,5 39,75 0,05 0,5
w 16,5 39 0,1 1
w 16,5 39,25 0,05 0,5
w 16,5 38,75 0,05 0,5
w 17,5 39,25 0,05 0,5
w 17,5 38,75 0,05 0,5
w 16,5 38 0,1 1
w 16,5 38,25 0,05 0,5
w 16,5 37,75 0,05 0,5
w 17,5 38,25 0,05 0,5
w 17,5 37,75 0,05 0,5
w 16,5 37 0,1 1
w 16,5 37,25 0,05 0,5
w 16,5 36,75 0,05 0,5
w 17,5 37,25 0,05 0,5
w 17,5 36,75 0,05 0,5
w 16,5 36 0,1 1
w 17 35,5 1 0,1
w 16,5 36,25 0,05 0,5
w 16,5 35,75 0,05 0,5
w 17,5 36,25 0,05 0,5
w 17,5 35,75 0,05 0,5
w 18,5 36 0,1 1
w 18 35,5 1 0,1
w 18,5 37 0,1 1
w 18,5 38 0,1 1
w 18,5 39 0,1 1
w 18,5 40 0,1 1
w 18 40,5 1 0,1
b 30
w 23,5 14 0,1 1
w 24 14,5 1 0,1
w 23,5 13 0,1 1
w 23,5 12 0,1 1
w 23,5 11 0,1 1
w 23,5 10 0,1 1
w 23,5 9 0,1 1
w 23,75 9,5 0,5 0,05
w 24,25 9,5 0,5 0,05
w 23,5 8 0,1 1
w 23,5 7 0,1 1
w 23,5 6 0,1 1
w 24 5,5 1 0,1
w 25 5,5 1 0,1
w 24,75 9,5 0,5 0,05
w 25,25 9,5 0,5 0,05
w 25 14,5 1 0,1
w 26 14,5 1 0,1
w 25,5 14,25 0,05 0,5
w 25,5 13,75 0,05 0,5
w 26,5 14,25 0,05 0,5
w 26,5 13,75 0,05 0,5
w 25,5 13,25 0,05 0,5
w 25,5 12,75 0,05 0,5
w 26,5 13,25 0,05 0,5
w 26,5 12,75 0,05 0,5
w 25,5 12,25 0,05 0,5
w 25,5 11,75 0,05 0,5
w 26,5 12,25 0,05 0,5
w 26,5 11,75 0,05 0,5
w 25,5 11,25 0,05 0,5
w 25,5 10,75 0,05 0,5
w 26,5 11,25 0,05 0,5
w 26,5 10,75 0,05 0,5
w 25,5 10,25 0,05 0,5
w 25,5 9,75 0,05 0,5
w 26,5 10,25 0,05 0,5
w 26,5 9,75 0,05 0,5
w 25,5 9,25 0,05 0,5
w 25,5 8,75 0,05 0,5
w 26,5 9,25 0,05 0,5
w 26,5 8,75 0,05 0,5
w 25,5 8,25 0,05 0,5
w 25,5 7,75 0,05 0,5
w 26,5 8,25 0,05 0,5
w 26,5 7,75 0,05 0,5
w 25,5 7,25 0,05 0,5
w 25,5 6,75 0,05 0,5
w 26,5 7,25 0,05 0,5
w 26,5 6,75 0,05 0,5
w 26 5,5 1 0,1
w 25,5 6,25 0,05 0,5
w 25,5 5,75 0,05 0,5
w 26,5 6,25 0,05 0,5
w 26,5 5,75 0,05 0,5
w 27 5,5 1 0,1
w 26,75 9,5 0,5 0,05
w 27,25 9,5 0,5 0,05
w 27 14,5 1 0,1
w 28,5 14 0,1 1
w 28 14,5 1 0,1
w 28,5 13 0,1 1
w 28,5 12 0,1 1
w 28,5 11 0,1 1
w 28,5 10 0,1 1
w 28,5 9 0,1 1
w 27,75 9,5 0,5 0,05
w 28,25 9,5 0,5 0,05
w 28,5 8 0,1 1
w 28,5 7 0,1 1
w 28,5 6 0,1 1
w 28 5,5 1 0,1
b 31
w 23,5 22 0,1 1
w 24 21,5 1 0,1
w 23,5 23 0,1 1
w 23,75 23,5 0,5 0,05
w 24,25 23,5 0,5 0,05
w 23,5 24 0,1 1
w 23,75 24,5 0,5 0,05
w 24,25 24,5 0,5 0,05
w 23,5 25 0,1 1
w 23,5 26 0,1 1
w 23,5 27 0,1 1
w 24 27,5 1 0,1
w 25 27,5 1 0,1
w 24,75 24,5 0,5 0,05
w 25,25 24,5 0,5 0,05
w 24,75 23,5 0,5 0,05
w 25,25 23,5 0,5 0,05
w 25 21,5 1 0,1
w 26 21,5 1 0,1
w 25,5 22,25 0,05 0,5
w 25,5 21,75 0,05 0,5
w 26,5 22,25 0,05 0,5
w 26,5 21,75 0,05 0,5
w 25,5 23,25 0,05 0,5
w 25,5 22,75 0,05 0,5
w 26,5 23,25 0,05 0,5
w 26,5 22,75 0,05 0,5
w 25,5 24,25 0,05 0,5
w 25,5 23,75 0,05 0,5
w 26,5 24,25 0,05 0,5
w 26,5 23,75 0,05 0,5
w 25,5 25,25 0,05 0,5
w 25,5 24,75 0,05 0,5
w 26,5 25,25 0,05 0,5
w 26,5 24,75 0,05 0,5
w 25,5 26,25 0,05 0,5
w 25,5 25,75 0,05 0,5
w 26,5 26,25 0,05 0,5
w 26,5 25,75 0,05 0,5
w 26 27,5 1 0,1
w 25,5 27,25 0,05 0,5
w 25,5 26,75 0,05 0,5
w 26,5 27,25 0,05 0,5
w 26,5 26,75 0,05 0,5
w 27 27,5 1 0,1
w 26,75 24,5 0,5 0,05
w 27,25 24,5 0,5 0,05
w 26,75 23,5 0,5 0,05
w 27,25 23,5 0,5 0,05
w 27 21,5 1 0,1
w 28,5 22 0,1 1
w 28 21,5 1 0,1
w 28,5 23 0,1 1
w 27,75 23,5 0,5 0,05
w 28,25 23,5 0,5 0,05
w 28,5 24 0,1 1
w 27,75 24,5 0,5 0,05
w 28,25 24,5 0,5 0,05
w 28,5 25 0,1 1
w 28,5 26 0,1 1
w 28,5 27 0,1 1
w 28 27,5 1 0,1
b 32
w -0,5 12 0,1 1
w 0 11,5 1 0,1
w -0,5 13 0,1 1
w -0,5 14 0,1 1
w -0,5 15 0,1 1
w -0,5 16 0,1 1
w -0,5 17 0,1 1
w 0 17,5 1 0,1
w 1 17,5 1 0,1
w 0,5 17,25 0,05 0,5
w 0,5 16,75 0,05 0,5
w 1,5 17,25 0,05 0,5
w 1,5 16,75 0,05 0,5
w 0,5 16,25 0,05 0,5
w 0,5 15,75 0,05 0,5
w 1,5 16,25 0,05 0,5
w 1,5 15,75 0,05 0,5
w 0,5 15,25 0,05 0,5
w 0,5 14,75 0,05 0,5
w 1,5 15,25 0,05 0,5
w 1,5 14,75 0,05 0,5
w 0,5 14,25 0,05 0,5
w 0,5 13,75 0,05 0,5
w 1,5 14,25 0,05 0,5
w 1,5 13,75 0,05 0,5
w 0,5 13,25 0,05 0,5
w 0,5 12,75 0,05 0,5
w 1,5 13,25 0,05 0,5
w 1,5 12,75 0,05 0,5
w 1 11,5 1 0,1
w 0,5 12,25 0,05 0,5
w 0,5 11,75 0,05 0,5
w 1,5 12,25 0,05 0,5
w 1,5 11,75 0,05 0,5
w 2 11,5 1 0,1
w 2 17,5 1 0,1
w 3,5 17 0,1 1
w 3 17,5 1 0,1
w 3,5 16 0,1 1
w 3,5 15 0,1 1
w 3,5 14 0,1 1
w 3,5 13 0,1 1
w 3,5 12 0,1 1
w 3 11,5 1 0,1
b 33
w -0,5 25 0,1 1
w 0 24,5 1 0,1
w -0,5 26 0,1 1
w -0,5 27 0,1 1
w -0,5 28 0,1 1
w -0,5 29 0,1 1
w -0,5 30 0,1 1
w -0,5 31 0,1 1
w -0,5 32 0,1 1
w -0,25 32,5 0,5 0,05
w 0,25 32,5 0,5 0,05
w -0,5 33 0,1 1
w -0,5 34 0,1 1
w 0 34,5 1 0,1
w 1 34,5 1 0,1
w 0,75 32,5 0,5 0,05
w 1,25 32,5 0,5 0,05
w 1 24,5 1 0,1
w 2 24,5 1 0,1
w 1,75 32,5 0,5 0,05
w 2,25 32,5 0,5 0,05
w 2 34,5 1 0,1
w 3 34,5 1 0,1
w 2,5 34,25 0,05 0,5
w 2,5 33,75 0,05 0,5
w 3,5 34,25 0,05 0,5
w 3,5 33,75 0,05 0,5
w 2,5 33,25 0,05 0,5
w 2,5 32,75 0,05 0,5
w 3,5 33,25 0,05 0,5
w 3,5 32,75 0,05 0,5
w 2,5 32,25 0,05 0,5
w 2,5 31,75 0,05 0,5
w 3,5 32,25 0,05 0,5
w 3,5 31,75 0,05 0,5
w 2,5 31,25 0,05 0,5
w 2,5 30,75 0,05 0,5
w 3,5 31,25 0,05 0,5
w 3,5 30,75 0,05 0,5
w 2,5 30,25 0,05 0,5
w 2,5 29,75 0,05 0,5
w 3,5 30,25 0,05 0,5
w 3,5 29,75 0,05 0,5
w 2,5 29,25 0,05 0,5
w 2,5 28,75 0,05 0,5
w 3,5 29,25 0,05 0,5
w 3,5 28,75 0,05 0,5
w 2,5 28,25 0,05 0,5
w 2,5 27,75 0,05 0,5
w 3,5 28,25 0,05 0,5
w 3,5 27,75 0,05 0,5
w 2,5 27,25 0,05 0,5
w 2,5 26,75 0,05 0,5
w 3,5 27,25 0,05 0,5
w 3,5 26,75 0,05 0,5
w 2,5 26,25 0,05 0,5
w 2,5 25,75 0,05 0,5
w 3,5 26,25 0,05 0,5
w 3,5 25,75 0,05 0,5
w 3 24,5 1 0,1
w 2,5 25,25 0,05 0,5
w 2,5 24,75 0,05 0,5
w 3,5 25,25 0,05 0,5
w 3,5 24,75 0,05 0,5
w 4 24,5 1 0,1
w 3,75 32,5 0,5 0,05
w 4,25 32,5 0,5 0,05
w 4 34,5 1 0,1
w 5 34,5 1 0,1
w 4,75 32,5 0,5 0,05
w 5,25 32,5 0,5 0,05
w 5 24,5 1 0,1
w 6 24,5 1 0,1
w 5,75 32,5 0,5 0,05
w 6,25 32,5 0,5 0,05
w 6 34,5 1 0,1
w 7,5 34 0,1 1
w 7 34,5 1 0,1
w 7,5 33 0,1 1
w 7,5 32 0,1 1
w 6,75 32,5 0,5 0,05
w 7,25 32,5 0,5 0,05
w 7,5 31 0,1 1
w 7,5 30 0,1 1
w 7,5 29 0,1 1
w 7,5 28 0,1 1
w 7,5 27 0,1 1
w 7,5 26 0,1 1
w 7,5 25 0,1 1
w 7 24,5 1 0,1
b 34
w 7,5 18 0,1 1
w 8 17,5 1 0,1
w 7,5 19 0,1 1
w 7,5 20 0,1 1
w 7,5 21 0,1 1
w 7,75 21,5 0,5 0,05
w 8,25 21,5 0,5 0,05
w 7,5 22 0,1 1
w 7,75 22,5 0,5 0,05
w 8,25 22,5 0,5 0,05
w 8,5 23 0,1 1
w 7,5 23 0,1 1
w 8,5 24 0,1 1
w 7,5 24 0,1 1
w 8 24,5 1 0,1
w 9 22,5 1 0,1
w 8,75 22,5 0,5 0,05
w 9,25 22,5 0,5 0,05
w 8,75 21,5 0,5 0,05
w 9,25 21,5 0,5 0,05
w 9 17,5 1 0,1
w 10 17,5 1 0,1
w 9,5 18,25 0,05 0,5
w 9,5 17,75 0,05 0,5
w 10,5 18,25 0,05 0,5
w 10,5 17,75 0,05 0,5
w 9,5 19,25 0,05 0,5
w 9,5 18,75 0,05 0,5
w 10,5 19,25 0,05 0,5
w 10,5 18,75 0,05 0,5
w 9,5 20,25 0,05 0,5
w 9,5 19,75 0,05 0,5
w 10,5 20,25 0,05 0,5
w 10,5 19,75 0,05 0,5
w 9,5 21,25 0,05 0,5
w 9,5 20,75 0,05 0,5
w 10,5 21,25 0,05 0,5
w 10,5 20,75 0,05 0,5
w 10 22,5 1 0,1
w 9,5 22,25 0,05 0,5
w 9,5 21,75 0,05 0,5
w 10,5 22,25 0,05 0,5
w 10,5 21,75 0,05 0,5
w 11 22,5 1 0,1
w 10,75 22,5 0,5 0,05
w 11,25 22,5 0,5 0,05
w 10,75 21,5 0,5 0,05
w 11,25 21,5 0,5 0,05
w 11 17,5 1 0,1
w 12 17,5 1 0,1
w 11,75 21,5 0,5 0,05
w 12,25 21,5 0,5 0,05
w 12 22,5 1 0,1
w 11,75 22,5 0,5 0,05
w 12,25 22,5 0,5 0,05
w 13,5 22 0,1 1
w 13 22,5 1 0,1
w 12,75 22,5 0,5 0,05
w 13,25 22,5 0,5 0,05
w 13,5 21 0,1 1
w 12,75 21,5 0,5 0,05
w 13,25 21,5 0,5 0,05
w 13,5 20 0,1 1
w 13,5 19 0,1 1
w 13,5 18 0,1 1
w 13 17,5 1 0,1
b 35
w -0,5 36 0,1 1
w 0 35,5 1 0,1
w -0,5 37 0,1 1
w -0,5 38 0,1 1
w -0,25 38,5 0,5 0,05
w -0,25 37,5 0,5 0,05
w 0,25 38,5 0,5 0,05
w 0,25 37,5 0,5 0,05
w -0,5 39 0,1 1
w -0,5 40 0,1 1
w 0 40,5 1 0,1
w 1 40,5 1 0,1
w 1,5 40,25 0,05 0,5
w 1,5 39,75 0,05 0,5
w 1,5 39,25 0,05 0,5
w 1,5 38,75 0,05 0,5
w 0,75 38,5 0,5 0,05
w 0,75 37,5 0,5 0,05
w 1,25 38,5 0,5 0,05
w 1,25 37,5 0,5 0,05
w 1,5 37,25 0,05 0,5
w 1,5 36,75 0,05 0,5
w 1 35,5 1 0,1
w 1,5 36,25 0,05 0,5
w 1,5 35,75 0,05 0,5
w 2 35,5 1 0,1
w 2,5 36,25 0,05 0,5
w 2,5 35,75 0,05 0,5
w 2,5 37,25 0,05 0,5
w 2,5 36,75 0,05 0,5
w 1,75 38,5 0,5 0,05
w 1,75 37,5 0,5 0,05
w 2,25 38,5 0,5 0,05
w 2,25 37,5 0,5 0,05
w 2,5 39,25 0,05 0,5
w 2,5 38,75 0,05 0,5
w 2 40,5 1 0,1
w 2,5 40,25 0,05 0,5
w 2,5 39,75 0,05 0,5
w 3 40,5 1 0,1
w 2,75 38,5 0,5 0,05
w 2,75 37,5 0,5 0,05
w 3,25 38,5 0,5 0,05
w 3,25 37,5 0,5 0,05
w 3 35,5 1 0,1
w 4,5 36 0,1 1
w 4 35,5 1 0,1
w 4,5 37 0,1 1
w 4,5 38 0,1 1
w 3,75 38,5 0,5 0,05
w 3,75 37,5 0,5 0,05
w 4,25 38,5 0,5 0,05
w 4,25 37,5 0,5 0,05
w 4,5 39 0,1 1
w 4,5 40 0,1 1
w 4 40,5 1 0,1
b 36
w 4,5 12 0,1 1
w 5 11,5 1 0,1
w 4,5 13 0,1 1
w 4,5 14 0,1 1
w 4,75 14,5 0,5 0,05
w 4,75 13,5 0,5 0,05
w 5,25 14,5 0,5 0,05
w 5,25 13,5 0,5 0,05
w 4,5 15 0,1 1
w 4,5 16 0,1 1
w 5 16,5 1 0,1
w 6 16,5 1 0,1
w 5,75 14,5 0,5 0,05
w 5,75 13,5 0,5 0,05
w 6,25 14,5 0,5 0,05
w 6,25 13,5 0,5 0,05
w 6 11,5 1 0,1
w 7 11,5 1 0,1
w 6,75 14,5 0,5 0,05
w 6,75 13,5 0,5 0,05
w 7,25 14,5 0,5 0,05
w 7,25 13,5 0,5 0,05
w 7 16,5 1 0,1
w 8 16,5 1 0,1
w 7,75 14,5 0,5 0,05
w 7,75 13,5 0,5 0,05
w 8,25 14,5 0,5 0,05
w 8,25 13,5 0,5 0,05
w 8 11,5 1 0,1
w 9,5 12 0,1 1
w 9 11,5 1 0,1
w 9,5 13 0,1 1
w 9,5 14 0,1 1
w 8,75 14,5 0,5 0,05
w 8,75 13,5 0,5 0,05
w 9,25 14,5 0,5 0,05
w 9,25 13,5 0,5 0,05
w 9,5 15 0,1 1
w 9,5 16 0,1 1
w 9 16,5 1 0,1
b 37
w 19,5 49 0,1 1
w 20 49,5 1 0,1
w 19,5 48 0,1 1
w 19,5 47 0,1 1
w 19,5 46 0,1 1
w 19,75 46,5 0,5 0,05
w 19,75 45,5 0,5 0,05
w 20,25 46,5 0,5 0,05
w 20,25 45,5 0,5 0,05
w 19,5 45 0,1 1
w 19,5 44 0,1 1
w 19,5 43 0,1 1
w 20 42,5 1 0,1
w 21 42,5 1 0,1
w 20,75 46,5 0,5 0,05
w 20,75 45,5 0,5 0,05
w 21,25 46,5 0,5 0,05
w 21,25 45,5 0,5 0,05
w 21 49,5 1 0,1
w 22 49,5 1 0,1
w 21,75 46,5 0,5 0,05
w 21,75 45,5 0,5 0,05
w 22,25 46,5 0,5 0,05
w 22,25 45,5 0,5 0,05
w 22 42,5 1 0,1
w 23 42,5 1 0,1
w 22,75 46,5 0,5 0,05
w 22,75 45,5 0,5 0,05
w 23,25 46,5 0,5 0,05
w 23,25 45,5 0,5 0,05
w 23 49,5 1 0,1
w 24 49,5 1 0,1
w 23,75 46,5 0,5 0,05
w 23,75 45,5 0,5 0,05
w 24,25 46,5 0,5 0,05
w 24,25 45,5 0,5 0,05
w 24 42,5 1 0,1
w 25 42,5 1 0,1
w 24,75 46,5 0,5 0,05
w 24,75 45,5 0,5 0,05
w 25,25 46,5 0,5 0,05
w 25,25 45,5 0,5 0,05
w 25 49,5 1 0,1
w 26 49,5 1 0,1
w 25,75 46,5 0,5 0,05
w 25,75 45,5 0,5 0,05
w 26,25 46,5 0,5 0,05
w 26,25 45,5 0,5 0,05
w 26 42,5 1 0,1
w 27,5 43 0,1 1
w 27 42,5 1 0,1
w 27,5 44 0,1 1
w 27,5 45 0,1 1
w 27,5 46 0,1 1
w 26,75 46,5 0,5 0,05
w 26,75 45,5 0,5 0,05
w 27,25 46,5 0,5 0,05
w 27,25 45,5 0,5 0,05
w 27,5 47 0,1 1
w 27,5 48 0,1 1
w 27,5 49 0,1 1
w 27 49,5 1 0,1
b 38
w 28,5 43 0,1 1
w 27,5 43 0,1 1
w 28 43,5 1 0,1
w 28,5 42 0,1 1
w 27,5 42 0,1 1
w 28,5 41 0,1 1
w 27,5 41 0,1 1
w 27,5 40 0,1 1
w 27,5 39 0,1 1
w 27,5 36 0,1 1
w 28 35,5 1 0,1
w 27,5 37 0,1 1
w 27,75 37,5 0,5 0,05
w 28,25 37,5 0,5 0,05
w 27,5 38 0,1 1
w 27,75 38,5 0,5 0,05
w 28,25 38,5 0,5 0,05
w 28,75 38,5 0,5 0,05
w 29,25 38,5 0,5 0,05
w 29 40,5 1 0,1
w 30 40,5 1 0,1
w 29,5 40,25 0,05 0,5
w 29,5 39,75 0,05 0,5
w 30,5 40,25 0,05 0,5
w 30,5 39,75 0,05 0,5
w 29,5 39,25 0,05 0,5
w 29,5 38,75 0,05 0,5
w 30,5 39,25 0,05 0,5
w 30,5 38,75 0,05 0,5
w 29,5 38,25 0,05 0,5
w 29,5 37,75 0,05 0,5
w 30,5 38,25 0,05 0,5
w 30,5 37,75 0,05 0,5
w 29,5 37,25 0,05 0,5
w 29,5 36,75 0,05 0,5
w 30,5 37,25 0,05 0,5
w 30,5 36,75 0,05 0,5
w 28,75 37,5 0,5 0,05
w 29,25 37,5 0,5 0,05
w 29 35,5 1 0,1
w 30 35,5 1 0,1
w 29,5 36,25 0,05 0,5
w 29,5 35,75 0,05 0,5
w 30,5 36,25 0,05 0,5
w 30,5 35,75 0,05 0,5
w 31 35,5 1 0,1
w 30,75 37,5 0,5 0,05
w 31,25 37,5 0,5 0,05
w 30,75 38,5 0,5 0,05
w 31,25 38,5 0,5 0,05
w 31 40,5 1 0,1
w 32 40,5 1 0,1
w 31,75 38,5 0,5 0,05
w 32,25 38,5 0,5 0,05
w 31,75 37,5 0,5 0,05
w 32,25 37,5 0,5 0,05
w 32 35,5 1 0,1
w 33,5 36 0,1 1
w 33 35,5 1 0,1
w 33,5 37 0,1 1
w 32,75 37,5 0,5 0,05
w 33,25 37,5 0,5 0,05
w 33,5 38 0,1 1
w 32,75 38,5 0,5 0,05
w 33,25 38,5 0,5 0,05
w 33,5 39 0,1 1
w 33,5 40 0,1 1
w 33 40,5 1 0,1
b 39
w 29,5 0 0,1 1
w 30 -0,5 1 0,1
w 29,5 1 0,1 1
w 29,5 2 0,1 1
w 29,5 3 0,1 1
w 29,5 4 0,1 1
w 29,5 5 0,1 1
w 29,5 6 0,1 1
w 29,5 7 0,1 1
w 30 7,5 1 0,1
w 31 7,5 1 0,1
w 30,5 7,25 0,05 0,5
w 30,5 6,75 0,05 0,5
w 31,5 7,25 0,05 0,5
w 31,5 6,75 0,05 0,5
w 30,5 6,25 0,05 0,5
w 30,5 5,75 0,05 0,5
w 31,5 6,25 0,05 0,5
w 31,5 5,75 0,05 0,5
w 30,5 5,25 0,05 0,5
w 30,5 4,75 0,05 0,5
w 31,5 5,25 0,05 0,5
w 31,5 4,75 0,05 0,5
w 30,5 4,25 0,05 0,5
w 30,5 3,75 0,05 0,5
w 31,5 4,25 0,05 0,5
w 31,5 3,75 0,05 0,5
w 30,5 3,25 0,05 0,5
w 30,5 2,75 0,05 0,5
w 31,5 3,25 0,05 0,5
w 31,5 2,75 0,05 0,5
w 30,5 2,25 0,05 0,5
w 30,5 1,75 0,05 0,5
w 31,5 2,25 0,05 0,5
w 31,5 1,75 0,05 0,5
w 30,5 1,25 0,05 0,5
w 30,5 0,75 0,05 0,5
w 31,5 1,25 0,05 0,5
w 31,5 0,75 0,05 0,5
w 31 -0,5 1 0,1
w 30,5 0,25 0,05 0,5
w 30,5 -0,25 0,05 0,5
w 31,5 0,25 0,05 0,5
w 31,5 -0,25 0,05 0,5
w 32 -0,5 1 0,1
w 32 7,5 1 0,1
w 33,5 7 0,1 1
w 33 7,5 1 0,1
w 33,5 6 0,1 1
w 33,5 5 0,1 1
w 33,5 4 0,1 1
w 33,5 3 0,1 1
w 33,5 2 0,1 1
w 33,5 1 0,1 1
w 33,5 0 0,1 1
w 33 -0,5 1 0,1
b 40
w 29,5 25 0,1 1
w 30 24,5 1 0,1
w 29,5 26 0,1 1
w 29,5 27 0,1 1
w 29,5 28 0,1 1
w 29,5 29 0,1 1
w 29,5 30 0,1 1
w 29,5 31 0,1 1
w 29,5 32 0,1 1
w 29,5 33 0,1 1
w 29,5 34 0,1 1
w 30 34,5 1 0,1
w 31 34,5 1 0,1
w 31 24,5 1 0,1
w 32 24,5 1 0,1
w 31,5 25,25 0,05 0,5
w 31,5 24,75 0,05 0,5
w 32,5 25,25 0,05 0,5
w 32,5 24,75 0,05 0,5
w 31,5 26,25 0,05 0,5
w 31,5 25,75 0,05 0,5
w 32,5 26,25 0,05 0,5
w 32,5 25,75 0,05 0,5
w 31,5 27,25 0,05 0,5
w 31,5 26,75 0,05 0,5
w 32,5 27,25 0,05 0,5
w 32,5 26,75 0,05 0,5
w 31,5 28,25 0,05 0,5
w 31,5 27,75 0,05 0,5
w 32,5 28,25 0,05 0,5
w 32,5 27,75 0,05 0,5
w 31,5 29,25 0,05 0,5
w 31,5 28,75 0,05 0,5
w 32,5 29,25 0,05 0,5
w 32,5 28,75 0,05 0,5
w 31,5 30,25 0,05 0,5
w 31,5 29,75 0,05 0,5
w 32,5 30,25 0,05 0,5
w 32,5 29,75 0,05 0,5
w 31,5 31,25 0,05 0,5
w 31,5 30,75 0,05 0,5
w 32,5 31,25 0,05 0,5
w 32,5 30,75 0,05 0,5
w 31,5 32,25 0,05 0,5
w 31,5 31,75 0,05 0,5
w 32,5 32,25 0,05 0,5
w 32,5 31,75 0,05 0,5
w 31,5 33,25 0,05 0,5
w 31,5 32,75 0,05 0,5
w 32,5 33,25 0,05 0,5
w 32,5 32,75 0,05 0,5
w 32 34,5 1 0,1
w 31,5 34,25 0,05 0,5
w 31,5 33,75 0,05 0,5
w 32,5 34,25 0,05 0,5
w 32,5 33,75 0,05 0,5
w 33 34,5 1 0,1
w 33 24,5 1 0,1
w 34 24,5 1 0,1
w 34 34,5 1 0,1
w 35,5 34 0,1 1
w 35 34,5 1 0,1
w 35,5 33 0,1 1
w 35,5 32 0,1 1
w 35,5 31 0,1 1
w 35,5 30 0,1 1
w 35,5 29 0,1 1
w 35,5 28 0,1 1
w 35,5 27 0,1 1
w 35,5 26 0,1 1
w 35,5 25 0,1 1
w 35 24,5 1 0,1
b 41
w 35,5 16 0,1 1
w 36 15,5 1 0,1
w 35,5 17 0,1 1
w 35,5 18 0,1 1
w 35,5 19 0,1 1
w 35,5 20 0,1 1
w 35,5 21 0,1 1
w 35,5 22 0,1 1
w 35,5 23 0,1 1
w 35,5 24 0,1 1
w 35,5 25 0,1 1
w 36 25,5 1 0,1
w 37 25,5 1 0,1
w 36,5 25,25 0,05 0,5
w 36,5 24,75 0,05 0,5
w 37,5 25,25 0,05 0,5
w 37,5 24,75 0,05 0,5
w 36,5 24,25 0,05 0,5
w 36,5 23,75 0,05 0,5
w 37,5 24,25 0,05 0,5
w 37,5 23,75 0,05 0,5
w 36,5 23,25 0,05 0,5
w 36,5 22,75 0,05 0,5
w 37,5 23,25 0,05 0,5
w 37,5 22,75 0,05 0,5
w 36,5 22,25 0,05 0,5
w 36,5 21,75 0,05 0,5
w 37,5 22,25 0,05 0,5
w 37,5 21,75 0,05 0,5
w 36,5 21,25 0,05 0,5
w 36,5 20,75 0,05 0,5
w 37,5 21,25 0,05 0,5
w 37,5 20,75 0,05 0,5
w 36,5 20,25 0,05 0,5
w 36,5 19,75 0,05 0,5
w 37,5 20,25 0,05 0,5
w 37,5 19,75 0,05 0,5
w 36,5 19,25 0,05 0,5
w 36,5 18,75 0,05 0,5
w 37,5 19,25 0,05 0,5
w 37,5 18,75 0,05 0,5
w 36,5 18,25 0,05 0,5
w 36,5 17,75 0,05 0,5
w 37,5 18,25 0,05 0,5
w 37,5 17,75 0,05 0,5
w 36,5 17,25 0,05 0,5
w 36,5 16,75 0,05 0,5
w 37,5 17,25 0,05 0,5
w 37,5 16,75 0,05 0,5
w 37 15,5 1 0,1
w 36,5 16,25 0,05 0,5
w 36,5 15,75 0,05 0,5
w 37,5 16,25 0,05 0,5
w 37,5 15,75 0,05 0,5
w 38,5 16 0,1 1
w 38 15,5 1 0,1
w 38,5 17 0,1 1
w 38,5 18 0,1 1
w 38,5 19 0,1 1
w 38,5 20 0,1 1
w 38,5 21 0,1 1
w 38,5 22 0,1 1
w 38,5 23 0,1 1
w 38,5 24 0,1 1
w 38,5 25 0,1 1
w 38 25,5 1 0,1
b 42
w 34,5 36 0,1 1
w 35 35,5 1 0,1
w 34,5 37 0,1 1
w 34,75 37,5 0,5 0,05
w 35,25 37,5 0,5 0,05
w 34,5 38 0,1 1
w 34,5 39 0,1 1
w 34,5 40 0,1 1
w 34,75 40,5 0,5 0,05
w 35,25 40,5 0,5 0,05
w 34,5 41 0,1 1
w 34,5 42 0,1 1
w 34,5 43 0,1 1
w 35 43,5 1 0,1
w 36 43,5 1 0,1
w 35,5 43,25 0,05 0,5
w 35,5 42,75 0,05 0,5
w 36,5 43,25 0,05 0,5
w 36,5 42,75 0,05 0,5
w 35,5 42,25 0,05 0,5
w 35,5 41,75 0,05 0,5
w 36,5 42,25 0,05 0,5
w 36,5 41,75 0,05 0,5
w 35,5 41,25 0,05 0,5
w 35,5 40,75 0,05 0,5
w 36,5 41,25 0,05 0,5
w 36,5 40,75 0,05 0,5
w 35,5 40,25 0,05 0,5
w 35,5 39,75 0,05 0,5
w 36,5 40,25 0,05 0,5
w 36,5 39,75 0,05 0,5
w 35,5 39,25 0,05 0,5
w 35,5 38,75 0,05 0,5
w 36,5 39,25 0,05 0,5
w 36,5 38,75 0,05 0,5
w 35,5 38,25 0,05 0,5
w 35,5 37,75 0,05 0,5
w 36,5 38,25 0,05 0,5
w 36,5 37,75 0,05 0,5
w 35,5 37,25 0,05 0,5
w 35,5 36,75 0,05 0,5
w 36,5 37,25 0,05 0,5
w 36,5 36,75 0,05 0,5
w 36 35,5 1 0,1
w 35,5 36,25 0,05 0,5
w 35,5 35,75 0,05 0,5
w 36,5 36,25 0,05 0,5
w 36,5 35,75 0,05 0,5
w 37 35,5 1 0,1
w 36,75 37,5 0,5 0,05
w 37,25 37,5 0,5 0,05
w 36,75 40,5 0,5 0,05
w 37,25 40,5 0,5 0,05
w 37 43,5 1 0,1
w 38,5 43 0,1 1
w 38 43,5 1 0,1
w 38,5 42 0,1 1
w 38,5 41 0,1 1
w 38,5 40 0,1 1
w 37,75 40,5 0,5 0,05
w 38,25 40,5 0,5 0,05
w 38,5 39 0,1 1
w 38,5 38 0,1 1
w 38,5 37 0,1 1
w 37,75 37,5 0,5 0,05
w 38,25 37,5 0,5 0,05
w 38,5 36 0,1 1
w 38 35,5 1 0,1
b 43
w 39,5 6 0,1 1
w 40 5,5 1 0,1
w 39,5 7 0,1 1
w 39,5 8 0,1 1
w 39,75 8,5 0,5 0,05
w 39,75 7,5 0,5 0,05
w 40,25 8,5 0,5 0,05
w 40,25 7,5 0,5 0,05
w 39,5 9 0,1 1
w 39,5 10 0,1 1
w 40 10,5 1 0,1
w 41 10,5 1 0,1
w 40,75 8,5 0,5 0,05
w 40,75 7,5 0,5 0,05
w 41,25 8,5 0,5 0,05
w 41,25 7,5 0,5 0,05
w 41 5,5 1 0,1
w 42 5,5 1 0,1
w 41,75 8,5 0,5 0,05
w 41,75 7,5 0,5 0,05
w 42,25 8,5 0,5 0,05
w 42,25 7,5 0,5 0,05
w 42 10,5 1 0,1
w 43 10,5 1 0,1
w 42,75 8,5 0,5 0,05
w 42,75 7,5 0,5 0,05
w 43,25 8,5 0,5 0,05
w 43,25 7,5 0,5 0,05
w 43 5,5 1 0,1
w 44,5 6 0,1 1
w 44 5,5 1 0,1
w 44,5 7 0,1 1
w 44,5 8 0,1 1
w 43,75 8,5 0,5 0,05
w 43,75 7,5 0,5 0,05
w 44,25 8,5 0,5 0,05
w 44,25 7,5 0,5 0,05
w 44,5 9 0,1 1
w 44,5 10 0,1 1
w 44 10,5 1 0,1
b 44
w 44,5 10 0,1 1
w 44,5 11 0,1 1
w 45 11,5 1 0,1
w 46 11,5 1 0,1
w 44,5 9 0,1 1
w 44,5 8 0,1 1
w 44,5 7 0,1 1
w 44,5 6 0,1 1
w 45 5,5 1 0,1
w 46 5,5 1 0,1
w 46,5 8,25 0,05 0,5
w 46,5 7,75 0,05 0,5
w 47,5 8,25 0,05 0,5
w 47,5 7,75 0,05 0,5
w 46,5 9,25 0,05 0,5
w 46,5 8,75 0,05 0,5
w 47,5 9,25 0,05 0,5
w 47,5 8,75 0,05 0,5
w 46,5 10,25 0,05 0,5
w 46,5 9,75 0,05 0,5
w 47,5 10,25 0,05 0,5
w 47,5 9,75 0,05 0,5
w 47 11,5 1 0,1
w 46,5 11,25 0,05 0,5
w 46,5 10,75 0,05 0,5
w 47,5 11,25 0,05 0,5
w 47,5 10,75 0,05 0,5
w 48 11,5 1 0,1
w 46,5 7,25 0,05 0,5
w 46,5 6,75 0,05 0,5
w 47,5 7,25 0,05 0,5
w 47,5 6,75 0,05 0,5
w 47 5,5 1 0,1
w 46,5 6,25 0,05 0,5
w 46,5 5,75 0,05 0,5
w 47,5 6,25 0,05 0,5
w 47,5 5,75 0,05 0,5
w 48 5,5 1 0,1
w 49,5 6 0,1 1
w 49 5,5 1 0,1
w 49,5 7 0,1 1
w 49,5 8 0,1 1
w 49,5 9 0,1 1
w 49,5 10 0,1 1
w 49,5 11 0,1 1
w 49 11,5 1 0,1
b 45
w 39,5 12 0,1 1
w 40 11,5 1 0,1
w 39,5 13 0,1 1
w 39,5 14 0,1 1
w 39,5 15 0,1 1
w 39,5 16 0,1 1
w 39,5 17 0,1 1
w 40 17,5 1 0,1
w 41 17,5 1 0,1
w 40,5 17,25 0,05 0,5
w 40,5 16,75 0,05 0,5
w 41,5 17,25 0,05 0,5
w 41,5 16,75 0,05 0,5
w 40,5 16,25 0,05 0,5
w 40,5 15,75 0,05 0,5
w 41,5 16,25 0,05 0,5
w 41,5 15,75 0,05 0,5
w 40,5 15,25 0,05 0,5
w 40,5 14,75 0,05 0,5
w 41,5 15,25 0,05 0,5
w 41,5 14,75 0,05 0,5
w 40,5 14,25 0,05 0,5
w 40,5 13,75 0,05 0,5
w 41,5 14,25 0,05 0,5
w 41,5 13,75 0,05 0,5
w 40,5 13,25 0,05 0,5
w 40,5 12,75 0,05 0,5
w 41,5 13,25 0,05 0,5
w 41,5 12,75 0,05 0,5
w 41 11,5 1 0,1
w 40,5 12,25 0,05 0,5
w 40,5 11,75 0,05 0,5
w 41,5 12,25 0,05 0,5
w 41,5 11,75 0,05 0,5
w 42 11,5 1 0,1
w 42 17,5 1 0,1
w 43,5 17 0,1 1
w 43 17,5 1 0,1
w 43,5 16 0,1 1
w 43,5 15 0,1 1
w 43,5 14 0,1 1
w 43,5 13 0,1 1
w 43,5 12 0,1 1
w 43 11,5 1 0,1
b 46
w 39,5 36 0,1 1
w 40 35,5 1 0,1
w 39,5 37 0,1 1
w 39,75 37,5 0,5 0,05
w 40,25 37,5 0,5 0,05
w 39,5 38 0,1 1
w 39,5 39 0,1 1
w 39,5 40 0,1 1
w 40 40,5 1 0,1
w 41 40,5 1 0,1
w 40,5 40,25 0,05 0,5
w 40,5 39,75 0,05 0,5
w 41,5 40,25 0,05 0,5
w 41,5 39,75 0,05 0,5
w 40,5 39,25 0,05 0,5
w 40,5 38,75 0,05 0,5
w 41,5 39,25 0,05 0,5
w 41,5 38,75 0,05 0,5
w 40,5 38,25 0,05 0,5
w 40,5 37,75 0,05 0,5
w 41,5 38,25 0,05 0,5
w 41,5 37,75 0,05 0,5
w 40,5 37,25 0,05 0,5
w 40,5 36,75 0,05 0,5
w 41,5 37,25 0,05 0,5
w 41,5 36,75 0,05 0,5
w 41 35,5 1 0,1
w 40,5 36,25 0,05 0,5
w 40,5 35,75 0,05 0,5
w 41,5 36,25 0,05 0,5
w 41,5 35,75 0,05 0,5
w 42 35,5 1 0,1
w 41,75 37,5 0,5 0,05
w 42,25 37,5 0,5 0,05
w 42 40,5 1 0,1
w 43,5 40 0,1 1
w 43 40,5 1 0,1
w 43,5 39 0,1 1
w 43,5 38 0,1 1
w 43,5 37 0,1 1
w 42,75 37,5 0,5 0,05
w 43,25 37,5 0,5 0,05
w 43,5 36 0,1 1
w 43 35,5 1 0,1
b 47
w 39,5 42 0,1 1
w 40 41,5 1 0,1
w 39,5 43 0,1 1
w 39,5 44 0,1 1
w 39,5 45 0,1 1
w 39,75 45,5 0,5 0,05
w 40,25 45,5 0,5 0,05
w 39,5 46 0,1 1
w 39,75 46,5 0,5 0,05
w 40,25 46,5 0,5 0,05
w 39,5 47 0,1 1
w 39,5 48 0,1 1
w 39,5 49 0,1 1
w 40 49,5 1 0,1
w 41 49,5 1 0,1
w 40,75 46,5 0,5 0,05
w 41,25 46,5 0,5 0,05
w 40,75 45,5 0,5 0,05
w 41,25 45,5 0,5 0,05
w 41 41,5 1 0,1
w 42 41,5 1 0,1
w 41,5 42,25 0,05 0,5
w 41,5 41,75 0,05 0,5
w 42,5 42,25 0,05 0,5
w 42,5 41,75 0,05 0,5
w 41,5 43,25 0,05 0,5
w 41,5 42,75 0,05 0,5
w 42,5 43,25 0,05 0,5
w 42,5 42,75 0,05 0,5
w 41,5 44,25 0,05 0,5
w 41,5 43,75 0,05 0,5
w 42,5 44,25 0,05 0,5
w 42,5 43,75 0,05 0,5
w 41,5 45,25 0,05 0,5
w 41,5 44,75 0,05 0,5
w 42,5 45,25 0,05 0,5
w 42,5 44,75 0,05 0,5
w 41,5 46,25 0,05 0,5
w 41,5 45,75 0,05 0,5
w 42,5 46,25 0,05 0,5
w 42,5 45,75 0,05 0,5
w 41,5 47,25 0,05 0,5
w 41,5 46,75 0,05 0,5
w 42,5 47,25 0,05 0,5
w 42,5 46,75 0,05 0,5
w 41,5 48,25 0,05 0,5
w 41,5 47,75 0,05 0,5
w 42,5 48,25 0,05 0,5
w 42,5 47,75 0,05 0,5
w 42 49,5 1 0,1
w 41,5 49,25 0,05 0,5
w 41,5 48,75 0,05 0,5
w 42,5 49,25 0,05 0,5
w 42,5 48,75 0,05 0,5
w 43 49,5 1 0,1
w 42,75 46,5 0,5 0,05
w 43,25 46,5 0,5 0,05
w 42,75 45,5 0,5 0,05
w 43,25 45,5 0,5 0,05
w 43 41,5 1 0,1
w 44,5 42 0,1 1
w 44 41,5 1 0,1
w 44,5 43 0,1 1
w 44,5 44 0,1 1
w 44,5 45 0,1 1
w 43,75 45,5 0,5 0,05
w 44,25 45,5 0,5 0,05
w 44,5 46 0,1 1
w 43,75 46,5 0,5 0,05
w 44,25 46,5 0,5 0,05
w 44,5 47 0,1 1
w 44,5 48 0,1 1
w 44,5 49 0,1 1
w 44 49,5 1 0,1
b 48
w -0,5 6 0,1 1
w 0 5,5 1 0,1
w -0,5 7 0,1 1
w -0,5 8 0,1 1
w -0,25 8,5 0,5 0,05
w -0,25 7,5 0,5 0,05
w 0,25 8,5 0,5 0,05
w 0,25 7,5 0,5 0,05
w -0,5 9 0,1 1
w -0,5 10 0,1 1
w 0 10,5 1 0,1
w 1 10,5 1 0,1
w 0,75 8,5 0,5 0,05
w 0,75 7,5 0,5 0,05
w 1,25 8,5 0,5 0,05
w 1,25 7,5 0,5 0,05
w 1 5,5 1 0,1
w 2 5,5 1 0,1
w 1,75 8,5 0,5 0,05
w 1,75 7,5 0,5 0,05
w 2,25 8,5 0,5 0,05
w 2,25 7,5 0,5 0,05
w 2 10,5 1 0,1
w 3 10,5 1 0,1
w 2,75 8,5 0,5 0,05
w 2,75 7,5 0,5 0,05
w 3,25 8,5 0,5 0,05
w 3,25 7,5 0,5 0,05
w 3 5,5 1 0,1
w 4 5,5 1 0,1
w 3,75 8,5 0,5 0,05
w 3,75 7,5 0,5 0,05
w 4,25 8,5 0,5 0,05
w 4,25 7,5 0,5 0,05
w 4 10,5 1 0,1
w 5,5 10 0,1 1
w 5 10,5 1 0,1
w 5,5 9 0,1 1
w 5,5 8 0,1 1
w 4,75 8,5 0,5 0,05
w 4,75 7,5 0,5 0,05
w 5,25 8,5 0,5 0,05
w 5,25 7,5 0,5 0,05
w 5,5 7 0,1 1
w 5,5 6 0,1 1
w 5 5,5 1 0,1
b 49
w 5,5 6 0,1 1
w 6 5,5 1 0,1
w 5,5 7 0,1 1
w 5,5 8 0,1 1
w 5,75 8,5 0,5 0,05
w 5,75 7,5 0,5 0,05
w 6,25 8,5 0,5 0,05
w 6,25 7,5 0,5 0,05
w 5,5 9 0,1 1
w 5,5 10 0,1 1
w 6 10,5 1 0,1
w 7 10,5 1 0,1
w 7,5 10,25 0,05 0,5
w 7,5 9,75 0,05 0,5
w 7,5 9,25 0,05 0,5
w 7,5 8,75 0,05 0,5
w 6,75 8,5 0,5 0,05
w 6,75 7,5 0,5 0,05
w 7,25 8,5 0,5 0,05
w 7,25 7,5 0,5 0,05
w 7,5 7,25 0,05 0,5
w 7,5 6,75 0,05 0,5
w 7 5,5 1 0,1
w 7,5 6,25 0,05 0,5
w 7,5 5,75 0,05 0,5
w 8 5,5 1 0,1
w 8,5 6,25 0,05 0,5
w 8,5 5,75 0,05 0,5
w 8,5 7,25 0,05 0,5
w 8,5 6,75 0,05 0,5
w 7,75 8,5 0,5 0,05
w 7,75 7,5 0,5 0,05
w 8,25 8,5 0,5 0,05
w 8,25 7,5 0,5 0,05
w 8,5 9,25 0,05 0,5
w 8,5 8,75 0,05 0,5
w 8 10,5 1 0,1
w 8,5 10,25 0,05 0,5
w 8,5 9,75 0,05 0,5
w 9 10,5 1 0,1
w 8,75 8,5 0,5 0,05
w 8,75 7,5 0,5 0,05
w 9,25 8,5 0,5 0,05
w 9,25 7,5 0,5 0,05
w 9 5,5 1 0,1
w 10,5 6 0,1 1
w 10 5,5 1 0,1
w 10,5 7 0,1 1
w 10,5 8 0,1 1
w 9,75 8,5 0,5 0,05
w 9,75 7,5 0,5 0,05
w 10,25 8,5 0,5 0,05
w 10,25 7,5 0,5 0,05
w 10,5 9 0,1 1
w 10,5 10 0,1 1
w 10 10,5 1 0,1
b 50
w 10,5 29 0,1 1
w 9,5 29 0,1 1
w 10 29,5 1 0,1
w 9,5 29,25 0,05 0,5
w 9,5 28,75 0,05 0,5
w 10,5 29,25 0,05 0,5
w 10,5 28,75 0,05 0,5
w 10,5 28 0,1 1
w 9,5 28 0,1 1
w 9,5 28,25 0,05 0,5
w 9,5 27,75 0,05 0,5
w 10,5 28,25 0,05 0,5
w 10,5 27,75 0,05 0,5
w 10,5 27 0,1 1
w 9,5 27 0,1 1
w 9,5 27,25 0,05 0,5
w 9,5 26,75 0,05 0,5
w 10,5 27,25 0,05 0,5
w 10,5 26,75 0,05 0,5
w 10,5 26 0,1 1
w 9,5 26 0,1 1
w 9,5 26,25 0,05 0,5
w 9,5 25,75 0,05 0,5
w 10,5 26,25 0,05 0,5
w 10,5 25,75 0,05 0,5
w 10,5 25 0,1 1
w 9,5 25 0,1 1
w 9,5 25,25 0,05 0,5
w 9,5 24,75 0,05 0,5
w 10,5 25,25 0,05 0,5
w 10,5 24,75 0,05 0,5
w 10,5 24 0,1 1
w 9,5 24 0,1 1
w 10 23,5 1 0,1
w 9,5 24,25 0,05 0,5
w 9,5 23,75 0,05 0,5
w 10,5 24,25 0,05 0,5
w 10,5 23,75 0,05 0,5
b 51
w 10,5 33 0,1 1
w 9,5 33 0,1 1
w 9,5 33,25 0,05 0,5
w 9,5 32,75 0,05 0,5
w 10,5 33,25 0,05 0,5
w 10,5 32,75 0,05 0,5
w 10,5 32 0,1 1
w 9,5 32 0,1 1
w 9,5 32,25 0,05 0,5
w 9,5 31,75 0,05 0,5
w 10,5 32,25 0,05 0,5
w 10,5 31,75 0,05 0,5
w 10,5 31 0,1 1
w 9,5 31 0,1 1
w 9,5 31,25 0,05 0,5
w 9,5 30,75 0,05 0,5
w 10,5 31,25 0,05 0,5
w 10,5 30,75 0,05 0,5
w 10,5 30 0,1 1
w 9,5 30 0,1 1
w 10 29,5 1 0,1
w 9,5 30,25 0,05 0,5
w 9,5 29,75 0,05 0,5
w 10,5 30,25 0,05 0,5
w 10,5 29,75 0,05 0,5
w 10,5 34 0,1 1
w 9,5 34 0,1 1
w 9,5 34,25 0,05 0,5
w 9,5 33,75 0,05 0,5
w 10,5 34,25 0,05 0,5
w 10,5 33,75 0,05 0,5
w 10,5 35 0,1 1
w 9,5 35 0,1 1
w 10 35,5 1 0,1
w 9,5 35,25 0,05 0,5
w 9,5 34,75 0,05 0,5
w 10,5 35,25 0,05 0,5
w 10,5 34,75 0,05 0,5
b 52
w 10,5 40 0,1 1
w 11 40,5 1 0,1
w 10,5 39 0,1 1
w 10,5 38 0,1 1
w 10,5 37 0,1 1
w 10,75 37,5 0,5 0,05
w 11,25 37,5 0,5 0,05
w 10,5 36 0,1 1
w 10,5 35 0,1 1
w 10,5 34 0,1 1
w 11 33,5 1 0,1
w 12 33,5 1 0,1
w 11,75 37,5 0,5 0,05
w 12,25 37,5 0,5 0,05
w 12 40,5 1 0,1
w 13 40,5 1 0,1
w 12,5 40,25 0,05 0,5
w 12,5 39,75 0,05 0,5
w 13,5 40,25 0,05 0,5
w 13,5 39,75 0,05 0,5
w 12,5 39,25 0,05 0,5
w 12,5 38,75 0,05 0,5
w 13,5 39,25 0,05 0,5
w 13,5 38,75 0,05 0,5
w 12,5 38,25 0,05 0,5
w 12,5 37,75 0,05 0,5
w 13,5 38,25 0,05 0,5
w 13,5 37,75 0,05 0,5
w 12,5 37,25 0,05 0,5
w 12,5 36,75 0,05 0,5
w 13,5 37,25 0,05 0,5
w 13,5 36,75 0,05 0,5
w 12,5 36,25 0,05 0,5
w 12,5 35,75 0,05 0,5
w 13,5 36,25 0,05 0,5
w 13,5 35,75 0,05 0,5
w 12,5 35,25 0,05 0,5
w 12,5 34,75 0,05 0,5
w 13,5 35,25 0,05 0,5
w 13,5 34,75 0,05 0,5
w 13 33,5 1 0,1
w 12,5 34,25 0,05 0,5
w 12,5 33,75 0,05 0,5
w 13,5 34,25 0,05 0,5
w 13,5 33,75 0,05 0,5
w 14 33,5 1 0,1
w 13,75 37,5 0,5 0,05
w 14,25 37,5 0,5 0,05
w 14 40,5 1 0,1
w 15 40,5 1 0,1
w 14,75 37,5 0,5 0,05
w 15,25 37,5 0,5 0,05
w 15 33,5 1 0,1
w 16,5 34 0,1 1
w 16 33,5 1 0,1
w 16,5 35 0,1 1
w 16,5 36 0,1 1
w 16,5 37 0,1 1
w 15,75 37,5 0,5 0,05
w 16,25 37,5 0,5 0,05
w 16,5 38 0,1 1
w 16,5 39 0,1 1
w 16,5 40 0,1 1
w 16 40,5 1 0,1
b 53
w 19,5 23 0,1 1
w 20 22,5 1 0,1
w 19 23,5 1 0,1
w 18,5 25,25 0,05 0,5
w 18,5 24,75 0,05 0,5
w 17,75 26,5 0,5 0,05
w 17,75 25,5 0,5 0,05
w 18,25 26,5 0,5 0,05
w 18,25 25,5 0,5 0,05
w 16,5 26 0,1 1
w 16,75 26,5 0,5 0,05
w 16,75 25,5 0,5 0,05
w 17,25 26,5 0,5 0,05
w 17,25 25,5 0,5 0,05
w 16,5 27 0,1 1
w 16,5 24 0,1 1
w 17 23,5 1 0,1
w 16,5 25 0,1 1
w 18 23,5 1 0,1
w 18,5 24,25 0,05 0,5
w 18,5 23,75 0,05 0,5
w 16,5 29 0,1 1
w 17 29,5 1 0,1
w 16,5 28 0,1 1
w 18,5 28,25 0,05 0,5
w 18,5 27,75 0,05 0,5
w 18 29,5 1 0,1
w 18,5 29,25 0,05 0,5
w 18,5 28,75 0,05 0,5
w 19 29,5 1 0,1
w 18,5 27,25 0,05 0,5
w 18,5 26,75 0,05 0,5
w 18,75 26,5 0,5 0,05
w 18,75 25,5 0,5 0,05
w 19,25 26,5 0,5 0,05
w 19,25 25,5 0,5 0,05
w 19,75 26,5 0,5 0,05
w 19,75 25,5 0,5 0,05
w 20,25 26,5 0,5 0,05
w 20,25 25,5 0,5 0,05
w 20 29,5 1 0,1
w 21 29,5 1 0,1
w 20,75 26,5 0,5 0,05
w 20,75 25,5 0,5 0,05
w 21,25 26,5 0,5 0,05
w 21,25 25,5 0,5 0,05
w 21 22,5 1 0,1
w 22 22,5 1 0,1
w 21,75 26,5 0,5 0,05
w 21,75 25,5 0,5 0,05
w 22,25 26,5 0,5 0,05
w 22,25 25,5 0,5 0,05
w 22 29,5 1 0,1
w 23,5 29 0,1 1
w 23 29,5 1 0,1
w 23,5 28 0,1 1
w 23,5 27 0,1 1
w 23,5 26 0,1 1
w 22,75 26,5 0,5 0,05
w 22,75 25,5 0,5 0,05
w 23,25 26,5 0,5 0,05
w 23,25 25,5 0,5 0,05
w 23,5 25 0,1 1
w 23,5 24 0,1 1
w 23,5 23 0,1 1
w 23 22,5 1 0,1
b 54
w 16,5 35 0,1 1
w 17 35,5 1 0,1
w 16,5 34 0,1 1
w 16,5 33 0,1 1
w 16,5 32 0,1 1
w 16,75 32,5 0,5 0,05
w 16,75 31,5 0,5 0,05
w 17,25 32,5 0,5 0,05
w 17,25 31,5 0,5 0,05
w 16,5 31 0,1 1
w 16,5 30 0,1 1
w 17 29,5 1 0,1
w 18 29,5 1 0,1
w 17,75 32,5 0,5 0,05
w 17,75 31,5 0,5 0,05
w 18,25 32,5 0,5 0,05
w 18,25 31,5 0,5 0,05
w 18,5 35 0,1 1
w 18 35,5 1 0,1
w 19 34,5 1 0,1
w 18,75 32,5 0,5 0,05
w 18,75 31,5 0,5 0,05
w 19,25 32,5 0,5 0,05
w 19,25 31,5 0,5 0,05
w 19 29,5 1 0,1
w 20 29,5 1 0,1
w 20,5 30,25 0,05 0,5
w 20,5 29,75 0,05 0,5
w 20,5 31,25 0,05 0,5
w 20,5 30,75 0,05 0,5
w 19,75 32,5 0,5 0,05
w 19,75 31,5 0,5 0,05
w 20,25 32,5 0,5 0,05
w 20,25 31,5 0,5 0,05
w 20,5 33,25 0,05 0,5
w 20,5 32,75 0,05 0,5
w 20 34,5 1 0,1
w 20,5 34,25 0,05 0,5
w 20,5 33,75 0,05 0,5
w 21 34,5 1 0,1
w 20,75 32,5 0,5 0,05
w 20,75 31,5 0,5 0,05
w 21,25 32,5 0,5 0,05
w 21,25 31,5 0,5 0,05
w 21 29,5 1 0,1
w 22 29,5 1 0,1
w 21,75 32,5 0,5 0,05
w 21,75 31,5 0,5 0,05
w 22,25 32,5 0,5 0,05
w 22,25 31,5 0,5 0,05
w 22 34,5 1 0,1
w 23,5 34 0,1 1
w 23 34,5 1 0,1
w 23,5 33 0,1 1
w 23,5 32 0,1 1
w 22,75 32,5 0,5 0,05
w 22,75 31,5 0,5 0,05
w 23,25 32,5 0,5 0,05
w 23,25 31,5 0,5 0,05
w 23,5 31 0,1 1
w 23,5 30 0,1 1
w 23 29,5 1 0,1
b 55
w 23,5 18 0,1 1
w 23,5 19 0,1 1
w 23,75 19,5 0,5 0,05
w 24,25 19,5 0,5 0,05
w 23,5 20 0,1 1
w 23,5 21 0,1 1
w 24 21,5 1 0,1
w 25 21,5 1 0,1
w 24,75 19,5 0,5 0,05
w 25,25 19,5 0,5 0,05
w 23,5 17 0,1 1
w 23,5 16 0,1 1
w 23,5 15 0,1 1
w 24 14,5 1 0,1
w 25 14,5 1 0,1
w 25,5 16,25 0,05 0,5
w 25,5 15,75 0,05 0,5
w 26,5 16,25 0,05 0,5
w 26,5 15,75 0,05 0,5
w 25,5 17,25 0,05 0,5
w 25,5 16,75 0,05 0,5
w 26,5 17,25 0,05 0,5
w 26,5 16,75 0,05 0,5
w 25,5 18,25 0,05 0,5
w 25,5 17,75 0,05 0,5
w 26,5 18,25 0,05 0,5
w 26,5 17,75 0,05 0,5
w 25,5 19,25 0,05 0,5
w 25,5 18,75 0,05 0,5
w 26,5 19,25 0,05 0,5
w 26,5 18,75 0,05 0,5
w 25,5 20,25 0,05 0,5
w 25,5 19,75 0,05 0,5
w 26,5 20,25 0,05 0,5
w 26,5 19,75 0,05 0,5
w 26 21,5 1 0,1
w 25,5 21,25 0,05 0,5
w 25,5 20,75 0,05 0,5
w 26,5 21,25 0,05 0,5
w 26,5 20,75 0,05 0,5
w 27 21,5 1 0,1
w 26,75 19,5 0,5 0,05
w 27,25 19,5 0,5 0,05
w 27 14,5 1 0,1
w 26 14,5 1 0,1
w 25,5 15,25 0,05 0,5
w 25,5 14,75 0,05 0,5
w 26,5 15,25 0,05 0,5
w 26,5 14,75 0,05 0,5
w 28,5 15 0,1 1
w 28 14,5 1 0,1
w 28,5 16 0,1 1
w 28,5 17 0,1 1
w 28,5 18 0,1 1
w 28,5 19 0,1 1
w 27,75 19,5 0,5 0,05
w 28,25 19,5 0,5 0,05
w 28,5 20 0,1 1
w 28,5 21 0,1 1
w 28 21,5 1 0,1
b 56
w -0,5 24 0,1 1
w 0 24,5 1 0,1
w 0 23,5 1 0,1
w 1 24,5 1 0,1
w 1 23,5 1 0,1
w 2 24,5 1 0,1
w 2 23,5 1 0,1
w 3 24,5 1 0,1
w 3 23,5 1 0,1
w 4 24,5 1 0,1
w 4 23,5 1 0,1
w 5 24,5 1 0,1
w 4,5 23 0,1 1
w 4,5 22 0,1 1
w 4,5 21 0,1 1
w 4,75 21,5 0,5 0,05
w 4,75 20,5 0,5 0,05
w 5,25 21,5 0,5 0,05
w 5,25 20,5 0,5 0,05
w 4,5 20 0,1 1
w 4,5 19 0,1 1
w 4,5 18 0,1 1
w 5 17,5 1 0,1
w 6 17,5 1 0,1
w 5,75 21,5 0,5 0,05
w 5,75 20,5 0,5 0,05
w 6,25 21,5 0,5 0,05
w 6,25 20,5 0,5 0,05
w 6 24,5 1 0,1
w 7,5 24 0,1 1
w 7 24,5 1 0,1
w 7,5 23 0,1 1
w 7,5 22 0,1 1
w 7,5 21 0,1 1
w 6,75 21,5 0,5 0,05
w 6,75 20,5 0,5 0,05
w 7,25 21,5 0,5 0,05
w 7,25 20,5 0,5 0,05
w 7,5 20 0,1 1
w 7,5 19 0,1 1
w 7,5 18 0,1 1
w 7 17,5 1 0,1
b 57
w 14,5 42 0,1 1
w 15 41,5 1 0,1
w 14,5 43 0,1 1
w 14,75 43,5 0,5 0,05
w 15,25 43,5 0,5 0,05
w 14,5 44 0,1 1
w 14,75 44,5 0,5 0,05
w 15,25 44,5 0,5 0,05
w 14,5 45 0,1 1
w 14,75 45,5 0,5 0,05
w 15,25 45,5 0,5 0,05
w 14,5 46 0,1 1
w 14,75 46,5 0,5 0,05
w 15,25 46,5 0,5 0,05
w 14,5 47 0,1 1
w 14,5 48 0,1 1
w 14,5 49 0,1 1
w 15 49,5 1 0,1
w 16 49,5 1 0,1
w 15,75 46,5 0,5 0,05
w 16,25 46,5 0,5 0,05
w 15,75 45,5 0,5 0,05
w 16,25 45,5 0,5 0,05
w 15,75 44,5 0,5 0,05
w 16,25 44,5 0,5 0,05
w 15,75 43,5 0,5 0,05
w 16,25 43,5 0,5 0,05
w 16 41,5 1 0,1
w 17 41,5 1 0,1
w 16,5 42,25 0,05 0,5
w 16,5 41,75 0,05 0,5
w 17,5 42,25 0,05 0,5
w 17,5 41,75 0,05 0,5
w 16,5 43,25 0,05 0,5
w 16,5 42,75 0,05 0,5
w 17,5 43,25 0,05 0,5
w 17,5 42,75 0,05 0,5
w 16,5 44,25 0,05 0,5
w 16,5 43,75 0,05 0,5
w 17,5 44,25 0,05 0,5
w 17,5 43,75 0,05 0,5
w 16,5 45,25 0,05 0,5
w 16,5 44,75 0,05 0,5
w 17,5 45,25 0,05 0,5
w 17,5 44,75 0,05 0,5
w 16,5 46,25 0,05 0,5
w 16,5 45,75 0,05 0,5
w 17,5 46,25 0,05 0,5
w 17,5 45,75 0,05 0,5
w 16,5 47,25 0,05 0,5
w 16,5 46,75 0,05 0,5
w 17,5 47,25 0,05 0,5
w 17,5 46,75 0,05 0,5
w 16,5 48,25 0,05 0,5
w 16,5 47,75 0,05 0,5
w 17,5 48,25 0,05 0,5
w 17,5 47,75 0,05 0,5
w 17 49,5 1 0,1
w 16,5 49,25 0,05 0,5
w 16,5 48,75 0,05 0,5
w 17,5 49,25 0,05 0,5
w 17,5 48,75 0,05 0,5
w 18 49,5 1 0,1
w 17,75 46,5 0,5 0,05
w 18,25 46,5 0,5 0,05
w 17,75 45,5 0,5 0,05
w 18,25 45,5 0,5 0,05
w 17,75 44,5 0,5 0,05
w 18,25 44,5 0,5 0,05
w 17,75 43,5 0,5 0,05
w 18,25 43,5 0,5 0,05
w 18 41,5 1 0,1
w 19,5 42 0,1 1
w 19 41,5 1 0,1
w 19,5 43 0,1 1
w 18,75 43,5 0,5 0,05
w 19,25 43,5 0,5 0,05
w 19,5 44 0,1 1
w 18,75 44,5 0,5 0,05
w 19,25 44,5 0,5 0,05
w 19,5 45 0,1 1
w 18,75 45,5 0,5 0,05
w 19,25 45,5 0,5 0,05
w 19,5 46 0,1 1
w 18,75 46,5 0,5 0,05
w 19,25 46,5 0,5 0,05
w 19,5 47 0,1 1
w 19,5 48 0,1 1
w 19,5 49 0,1 1
w 19 49,5 1 0,1
b 58
w 19,5 42 0,1 1
w 20 42,5 1 0,1
w 20 41,5 1 0,1
w 21 42,5 1 0,1
w 21 41,5 1 0,1
w 22 42,5 1 0,1
w 22 41,5 1 0,1
w 23 42,5 1 0,1
w 23 41,5 1 0,1
w 24 42,5 1 0,1
w 24 41,5 1 0,1
w 25 42,5 1 0,1
w 26 42,5 1 0,1
w 25,5 42,25 0,05 0,5
w 25,5 41,75 0,05 0,5
w 26,5 42,25 0,05 0,5
w 26,5 41,75 0,05 0,5
w 25,5 41,25 0,05 0,5
w 25,5 40,75 0,05 0,5
w 26,5 41,25 0,05 0,5
w 26,5 40,75 0,05 0,5
w 24,5 41 0,1 1
w 24,5 40 0,1 1
w 24,75 40,5 0,5 0,05
w 25,25 40,5 0,5 0,05
w 24,5 39 0,1 1
w 24,5 38 0,1 1
w 24,5 37 0,1 1
w 24,5 36 0,1 1
w 25 35,5 1 0,1
w 26 35,5 1 0,1
w 25,5 36,25 0,05 0,5
w 25,5 35,75 0,05 0,5
w 26,5 36,25 0,05 0,5
w 26,5 35,75 0,05 0,5
w 25,5 37,25 0,05 0,5
w 25,5 36,75 0,05 0,5
w 26,5 37,25 0,05 0,5
w 26,5 36,75 0,05 0,5
w 25,5 38,25 0,05 0,5
w 25,5 37,75 0,05 0,5
w 26,5 38,25 0,05 0,5
w 26,5 37,75 0,05 0,5
w 25,5 39,25 0,05 0,5
w 25,5 38,75 0,05 0,5
w 26,5 39,25 0,05 0,5
w 26,5 38,75 0,05 0,5
w 25,5 40,25 0,05 0,5
w 25,5 39,75 0,05 0,5
w 26,5 40,25 0,05 0,5
w 26,5 39,75 0,05 0,5
w 27,5 40 0,1 1
w 26,75 40,5 0,5 0,05
w 27,25 40,5 0,5 0,05
w 27,5 41 0,1 1
w 27,5 42 0,1 1
w 27 42,5 1 0,1
w 27,5 39 0,1 1
w 27,5 38 0,1 1
w 27,5 37 0,1 1
w 27,5 36 0,1 1
w 27 35,5 1 0,1
b 59
w 29,5 18 0,1 1
w 30 18,5 1 0,1
w 30 17,5 1 0,1
w 31 18,5 1 0,1
w 31 17,5 1 0,1
w 32 18,5 1 0,1
w 32 17,5 1 0,1
w 33 18,5 1 0,1
w 33 17,5 1 0,1
w 34 18,5 1 0,1
w 34 17,5 1 0,1
w 35,5 18 0,1 1
w 35 18,5 1 0,1
w 34,5 18,25 0,05 0,5
w 34,5 17,75 0,05 0,5
w 35,5 18,25 0,05 0,5
w 35,5 17,75 0,05 0,5
w 35,5 17 0,1 1
w 34,5 17 0,1 1
w 34,5 17,25 0,05 0,5
w 34,5 16,75 0,05 0,5
w 35,5 17,25 0,05 0,5
w 35,5 16,75 0,05 0,5
w 35,5 16 0,1 1
w 34,5 16 0,1 1
w 34,5 16,25 0,05 0,5
w 34,5 15,75 0,05 0,5
w 35,5 16,25 0,05 0,5
w 35,5 15,75 0,05 0,5
w 35,5 15 0,1 1
w 34,5 15 0,1 1
w 34,5 15,25 0,05 0,5
w 34,5 14,75 0,05 0,5
w 35,5 15,25 0,05 0,5
w 35,5 14,75 0,05 0,5
w 35,5 14 0,1 1
w 34,5 14 0,1 1
w 34,5 14,25 0,05 0,5
w 34,5 13,75 0,05 0,5
w 35,5 14,25 0,05 0,5
w 35,5 13,75 0,05 0,5
w 35,5 13 0,1 1
w 34,5 13 0,1 1
w 34,5 13,25 0,05 0,5
w 34,5 12,75 0,05 0,5
w 35,5 13,25 0,05 0,5
w 35,5 12,75 0,05 0,5
w 35,5 12 0,1 1
w 34,5 12 0,1 1
w 34,5 12,25 0,05 0,5
w 34,5 11,75 0,05 0,5
w 35,5 12,25 0,05 0,5
w 35,5 11,75 0,05 0,5
w 35,5 11 0,1 1
w 34,5 11 0,1 1
w 34,5 11,25 0,05 0,5
w 34,5 10,75 0,05 0,5
w 35,5 11,25 0,05 0,5
w 35,5 10,75 0,05 0,5
w 35,5 10 0,1 1
w 34,5 10 0,1 1
w 34,5 10,25 0,05 0,5
w 34,5 9,75 0,05 0,5
w 35,5 10,25 0,05 0,5
w 35,5 9,75 0,05 0,5
w 35,5 9 0,1 1
w 34,5 9 0,1 1
w 35 8,5 1 0,1
w 34,5 9,25 0,05 0,5
w 34,5 8,75 0,05 0,5
w 35,5 9,25 0,05 0,5
w 35,5 8,75 0,05 0,5
b 60
w 29,5 19 0,1 1
w 30 18,5 1 0,1
w 29,5 20 0,1 1
w 29,5 21 0,1 1
w 29,75 21,5 0,5 0,05
w 29,75 20,5 0,5 0,05
w 30,25 21,5 0,5 0,05
w 30,25 20,5 0,5 0,05
w 29,5 22 0,1 1
w 29,5 23 0,1 1
w 29,5 24 0,1 1
w 30 24,5 1 0,1
w 31 24,5 1 0,1
w 31,5 24,25 0,05 0,5
w 31,5 23,75 0,05 0,5
w 31,5 23,25 0,05 0,5
w 31,5 22,75 0,05 0,5
w 31,5 22,25 0,05 0,5
w 31,5 21,75 0,05 0,5
w 30,75 21,5 0,5 0,05
w 30,75 20,5 0,5 0,05
w 31,25 21,5 0,5 0,05
w 31,25 20,5 0,5 0,05
w 31,5 20,25 0,05 0,5
w 31,5 19,75 0,05 0,5
w 31 18,5 1 0,1
w 31,5 19,25 0,05 0,5
w 31,5 18,75 0,05 0,5
w 32 18,5 1 0,1
w 31,75 21,5 0,5 0,05
w 31,75 20,5 0,5 0,05
w 32,25 21,5 0,5 0,05
w 32,25 20,5 0,5 0,05
w 32 24,5 1 0,1
w 33 24,5 1 0,1
w 32,75 21,5 0,5 0,05
w 32,75 20,5 0,5 0,05
w 33,25 21,5 0,5 0,05
w 33,25 20,5 0,5 0,05
w 33 18,5 1 0,1
w 34 18,5 1 0,1
w 33,75 21,5 0,5 0,05
w 33,75 20,5 0,5 0,05
w 34,25 21,5 0,5 0,05
w 34,25 20,5 0,5 0,05
w 34 24,5 1 0,1
w 35,5 24 0,1 1
w 35 24,5 1 0,1
w 35,5 23 0,1 1
w 35,5 22 0,1 1
w 35,5 21 0,1 1
w 34,75 21,5 0,5 0,05
w 34,75 20,5 0,5 0,05
w 35,25 21,5 0,5 0,05
w 35,25 20,5 0,5 0,05
w 35,5 20 0,1 1
w 35,5 19 0,1 1
w 35 18,5 1 0,1
b 61
w 35,5 0 0,1 1
w 36 -0,5 1 0,1
w 35,5 1 0,1 1
w 35,5 2 0,1 1
w 35,75 2,5 0,5 0,05
w 35,75 1,5 0,5 0,05
w 36,25 2,5 0,5 0,05
w 36,25 1,5 0,5 0,05
w 35,5 3 0,1 1
w 35,5 4 0,1 1
w 35,5 5 0,1 1
w 36 5,5 1 0,1
w 37 5,5 1 0,1
w 37,5 5,25 0,05 0,5
w 37,5 4,75 0,05 0,5
w 37,5 4,25 0,05 0,5
w 37,5 3,75 0,05 0,5
w 37,5 3,25 0,05 0,5
w 37,5 2,75 0,05 0,5
w 36,75 2,5 0,5 0,05
w 36,75 1,5 0,5 0,05
w 37,25 2,5 0,5 0,05
w 37,25 1,5 0,5 0,05
w 37,5 1,25 0,05 0,5
w 37,5 0,75 0,05 0,5
w 37 -0,5 1 0,1
w 37,5 0,25 0,05 0,5
w 37,5 -0,25 0,05 0,5
w 38 -0,5 1 0,1
w 37,75 2,5 0,5 0,05
w 37,75 1,5 0,5 0,05
w 38,25 2,5 0,5 0,05
w 38,25 1,5 0,5 0,05
w 38,5 5 0,1 1
w 38 5,5 1 0,1
w 39 4,5 1 0,1
w 38,75 2,5 0,5 0,05
w 38,75 1,5 0,5 0,05
w 39,25 2,5 0,5 0,05
w 39,25 1,5 0,5 0,05
w 39 -0,5 1 0,1
w 40 -0,5 1 0,1
w 39,75 2,5 0,5 0,05
w 39,75 1,5 0,5 0,05
w 40,25 2,5 0,5 0,05
w 40,25 1,5 0,5 0,05
w 40 4,5 1 0,1
w 41 4,5 1 0,1
w 40,75 2,5 0,5 0,05
w 40,75 1,5 0,5 0,05
w 41,25 2,5 0,5 0,05
w 41,25 1,5 0,5 0,05
w 41 -0,5 1 0,1
w 42 -0,5 1 0,1
w 41,75 2,5 0,5 0,05
w 41,75 1,5 0,5 0,05
w 42,25 2,5 0,5 0,05
w 42,25 1,5 0,5 0,05
w 42 4,5 1 0,1
w 43,5 4 0,1 1
w 43 4,5 1 0,1
w 43,5 3 0,1 1
w 43,5 2 0,1 1
w 42,75 2,5 0,5 0,05
w 42,75 1,5 0,5 0,05
w 43,25 2,5 0,5 0,05
w 43,25 1,5 0,5 0,05
w 43,5 1 0,1 1
w 43,5 0 0,1 1
w 43 -0,5 1 0,1
b 62
w 35,5 6 0,1 1
w 36 5,5 1 0,1
w 35,5 7 0,1 1
w 35,75 7,5 0,5 0,05
w 36,25 7,5 0,5 0,05
w 35,5 8 0,1 1
w 35,5 9 0,1 1
w 35,5 10 0,1 1
w 35,5 11 0,1 1
w 35,5 12 0,1 1
w 35,5 13 0,1 1
w 35,5 14 0,1 1
w 35,5 15 0,1 1
w 36 15,5 1 0,1
w 37 15,5 1 0,1
w 36,5 15,25 0,05 0,5
w 36,5 14,75 0,05 0,5
w 37,5 15,25 0,05 0,5
w 37,5 14,75 0,05 0,5
w 36,5 14,25 0,05 0,5
w 36,5 13,75 0,05 0,5
w 37,5 14,25 0,05 0,5
w 37,5 13,75 0,05 0,5
w 36,5 13,25 0,05 0,5
w 36,5 12,75 0,05 0,5
w 37,5 13,25 0,05 0,5
w 37,5 12,75 0,05 0,5
w 36,5 12,25 0,05 0,5
w 36,5 11,75 0,05 0,5
w 37,5 12,25 0,05 0,5
w 37,5 11,75 0,05 0,5
w 36,5 11,25 0,05 0,5
w 36,5 10,75 0,05 0,5
w 37,5 11,25 0,05 0,5
w 37,5 10,75 0,05 0,5
w 36,5 10,25 0,05 0,5
w 36,5 9,75 0,05 0,5
w 37,5 10,25 0,05 0,5
w 37,5 9,75 0,05 0,5
w 36,5 9,25 0,05 0,5
w 36,5 8,75 0,05 0,5
w 37,5 9,25 0,05 0,5
w 37,5 8,75 0,05 0,5
w 36,5 8,25 0,05 0,5
w 36,5 7,75 0,05 0,5
w 37,5 8,25 0,05 0,5
w 37,5 7,75 0,05 0,5
w 36,5 7,25 0,05 0,5
w 36,5 6,75 0,05 0,5
w 37,5 7,25 0,05 0,5
w 37,5 6,75 0,05 0,5
w 37 5,5 1 0,1
w 36,5 6,25 0,05 0,5
w 36,5 5,75 0,05 0,5
w 37,5 6,25 0,05 0,5
w 37,5 5,75 0,05 0,5
w 38,5 6 0,1 1
w 38 5,5 1 0,1
w 38,5 7 0,1 1
w 37,75 7,5 0,5 0,05
w 38,25 7,5 0,5 0,05
w 38,5 8 0,1 1
w 38,5 9 0,1 1
w 38,5 10 0,1 1
w 38,5 11 0,1 1
w 38,5 12 0,1 1
w 38,5 13 0,1 1
w 38,5 14 0,1 1
w 38,5 15 0,1 1
w 38 15,5 1 0,1
b 63
w 39,5 24 0,1 1
w 40 23,5 1 0,1
w 39,5 25 0,1 1
w 39,5 26 0,1 1
w 39,5 27 0,1 1
w 39,5 28 0,1 1
w 39,5 29 0,1 1
w 40 29,5 1 0,1
w 41 29,5 1 0,1
w 41 23,5 1 0,1
w 42 23,5 1 0,1
w 41,5 24,25 0,05 0,5
w 41,5 23,75 0,05 0,5
w 42,5 24,25 0,05 0,5
w 42,5 23,75 0,05 0,5
w 41,5 25,25 0,05 0,5
w 41,5 24,75 0,05 0,5
w 42,5 25,25 0,05 0,5
w 42,5 24,75 0,05 0,5
w 41,5 26,25 0,05 0,5
w 41,5 25,75 0,05 0,5
w 42,5 26,25 0,05 0,5
w 42,5 25,75 0,05 0,5
w 41,5 27,25 0,05 0,5
w 41,5 26,75 0,05 0,5
w 42,5 27,25 0,05 0,5
w 42,5 26,75 0,05 0,5
w 41,5 28,25 0,05 0,5
w 41,5 27,75 0,05 0,5
w 42,5 28,25 0,05 0,5
w 42,5 27,75 0,05 0,5
w 42 29,5 1 0,1
w 41,5 29,25 0,05 0,5
w 41,5 28,75 0,05 0,5
w 42,5 29,25 0,05 0,5
w 42,5 28,75 0,05 0,5
w 43,5 29 0,1 1
w 43 29,5 1 0,1
w 43 23,5 1 0,1
w 44,5 24 0,1 1
w 44 23,5 1 0,1
w 44,5 25 0,1 1
w 44,5 26 0,1 1
w 44,5 27 0,1 1
w 44,5 28 0,1 1
w 44 28,5 1 0,1
b 64
w 39,5 30 0,1 1
w 40 29,5 1 0,1
w 39,5 31 0,1 1
w 39,75 31,5 0,5 0,05
w 40,25 31,5 0,5 0,05
w 39,5 32 0,1 1
w 39,5 33 0,1 1
w 39,5 34 0,1 1
w 39,5 35 0,1 1
w 40 35,5 1 0,1
w 41 35,5 1 0,1
w 40,5 35,25 0,05 0,5
w 40,5 34,75 0,05 0,5
w 41,5 35,25 0,05 0,5
w 41,5 34,75 0,05 0,5
w 40,5 34,25 0,05 0,5
w 40,5 33,75 0,05 0,5
w 41,5 34,25 0,05 0,5
w 41,5 33,75 0,05 0,5
w 40,5 33,25 0,05 0,5
w 40,5 32,75 0,05 0,5
w 41,5 33,25 0,05 0,5
w 41,5 32,75 0,05 0,5
w 40,5 32,25 0,05 0,5
w 40,5 31,75 0,05 0,5
w 41,5 32,25 0,05 0,5
w 41,5 31,75 0,05 0,5
w 40,5 31,25 0,05 0,5
w 40,5 30,75 0,05 0,5
w 41,5 31,25 0,05 0,5
w 41,5 30,75 0,05 0,5
w 41 29,5 1 0,1
w 40,5 30,25 0,05 0,5
w 40,5 29,75 0,05 0,5
w 41,5 30,25 0,05 0,5
w 41,5 29,75 0,05 0,5
w 42 29,5 1 0,1
w 41,75 31,5 0,5 0,05
w 42,25 31,5 0,5 0,05
w 42 35,5 1 0,1
w 43,5 35 0,1 1
w 43 35,5 1 0,1
w 43,5 34 0,1 1
w 43,5 33 0,1 1
w 43,5 32 0,1 1
w 43,5 31 0,1 1
w 42,75 31,5 0,5 0,05
w 43,25 31,5 0,5 0,05
w 43,5 30 0,1 1
w 43 29,5 1 0,1
b 65
w 14,5 18 0,1 1
w 15 17,5 1 0,1
w 14,5 19 0,1 1
w 14,5 20 0,1 1
w 14,5 21 0,1 1
w 14,5 22 0,1 1
w 15 22,5 1 0,1
w 14,75 22,5 0,5 0,05
w 15,25 22,5 0,5 0,05
w 16,5 22 0,1 1
w 16 22,5 1 0,1
w 15,75 22,5 0,5 0,05
w 16,25 22,5 0,5 0,05
w 16,5 21 0,1 1
w 16,5 20 0,1 1
w 16,5 19 0,1 1
w 16,5 18 0,1 1
w 16 17,5 1 0,1
w 10,5 24 0,1 1
w 11 23,5 1 0,1
w 10,5 25 0,1 1
w 11 25,5 1 0,1
w 12 25,5 1 0,1
w 12 23,5 1 0,1
w 13 23,5 1 0,1
w 12,5 24,25 0,05 0,5
w 12,5 23,75 0,05 0,5
w 13,5 24,25 0,05 0,5
w 13,5 23,75 0,05 0,5
w 13 25,5 1 0,1
w 12,5 25,25 0,05 0,5
w 12,5 24,75 0,05 0,5
w 13,5 25,25 0,05 0,5
w 13,5 24,75 0,05 0,5
w 14 25,5 1 0,1
w 14 23,5 1 0,1
w 15 23,5 1 0,1
w 15 25,5 1 0,1
w 16,5 25 0,1 1
w 16 25,5 1 0,1
w 16,5 24 0,1 1
w 16 23,5 1 0,1
b 66
w 16,5 27 0,1 1
w 16,5 28 0,1 1
w 13,75 30,5 0,5 0,05
w 14,25 30,5 0,5 0,05
w 12,5 30,25 0,05 0,5
w 12,5 29,75 0,05 0,5
w 13,5 30,25 0,05 0,5
w 13,5 29,75 0,05 0,5
w 12,5 31,25 0,05 0,5
w 12,5 30,75 0,05 0,5
w 13,5 31,25 0,05 0,5
w 13,5 30,75 0,05 0,5
w 10,5 32 0,1 1
w 10,5 33 0,1 1
w 11 33,5 1 0,1
w 10,5 26 0,1 1
w 11 25,5 1 0,1
w 10,5 27 0,1 1
w 10,5 28 0,1 1
w 10,5 29 0,1 1
w 10,5 30 0,1 1
w 10,75 30,5 0,5 0,05
w 11,25 30,5 0,5 0,05
w 10,5 31 0,1 1
w 11,75 30,5 0,5 0,05
w 12,25 30,5 0,5 0,05
w 12 25,5 1 0,1
w 13 25,5 1 0,1
w 12,5 26,25 0,05 0,5
w 12,5 25,75 0,05 0,5
w 13,5 26,25 0,05 0,5
w 13,5 25,75 0,05 0,5
w 12,5 27,25 0,05 0,5
w 12,5 26,75 0,05 0,5
w 13,5 27,25 0,05 0,5
w 13,5 26,75 0,05 0,5
w 12,5 28,25 0,05 0,5
w 12,5 27,75 0,05 0,5
w 13,5 28,25 0,05 0,5
w 13,5 27,75 0,05 0,5
w 12,5 29,25 0,05 0,5
w 12,5 28,75 0,05 0,5
w 13,5 29,25 0,05 0,5
w 13,5 28,75 0,05 0,5
w 14 25,5 1 0,1
w 15 25,5 1 0,1
w 16,5 26 0,1 1
w 16 25,5 1 0,1
w 13 33,5 1 0,1
w 12,5 33,25 0,05 0,5
w 12,5 32,75 0,05 0,5
w 13,5 33,25 0,05 0,5
w 13,5 32,75 0,05 0,5
w 12 33,5 1 0,1
w 12,5 32,25 0,05 0,5
w 12,5 31,75 0,05 0,5
w 13,5 32,25 0,05 0,5
w 13,5 31,75 0,05 0,5
w 14 33,5 1 0,1
w 15 33,5 1 0,1
w 14,75 30,5 0,5 0,05
w 15,25 30,5 0,5 0,05
w 16,5 30 0,1 1
w 15,75 30,5 0,5 0,05
w 16,25 30,5 0,5 0,05
w 16,5 31 0,1 1
w 16,5 32 0,1 1
w 16,5 33 0,1 1
w 16 33,5 1 0,1
w 16,5 29 0,1 1
b 67
w 16,5 12 0,1 1
w 17 11,5 1 0,1
w 16,5 13 0,1 1
w 16,5 14 0,1 1
w 16,75 14,5 0,5 0,05
w 16,75 13,5 0,5 0,05
w 17,25 14,5 0,5 0,05
w 17,25 13,5 0,5 0,05
w 16,5 15 0,1 1
w 16,5 16 0,1 1
w 17 16,5 1 0,1
w 18 16,5 1 0,1
w 17,75 14,5 0,5 0,05
w 17,75 13,5 0,5 0,05
w 18,25 14,5 0,5 0,05
w 18,25 13,5 0,5 0,05
w 18 11,5 1 0,1
w 19 11,5 1 0,1
w 18,75 14,5 0,5 0,05
w 18,75 13,5 0,5 0,05
w 19,25 14,5 0,5 0,05
w 19,25 13,5 0,5 0,05
w 19 16,5 1 0,1
w 20 16,5 1 0,1
w 19,75 14,5 0,5 0,05
w 19,75 13,5 0,5 0,05
w 20,25 14,5 0,5 0,05
w 20,25 13,5 0,5 0,05
w 20 11,5 1 0,1
w 21 11,5 1 0,1
w 20,75 14,5 0,5 0,05
w 20,75 13,5 0,5 0,05
w 21,25 14,5 0,5 0,05
w 21,25 13,5 0,5 0,05
w 21 16,5 1 0,1
w 22 16,5 1 0,1
w 21,75 14,5 0,5 0,05
w 21,75 13,5 0,5 0,05
w 22,25 14,5 0,5 0,05
w 22,25 13,5 0,5 0,05
w 22 11,5 1 0,1
w 23,5 12 0,1 1
w 23 11,5 1 0,1
w 23,5 13 0,1 1
w 23,5 14 0,1 1
w 22,75 14,5 0,5 0,05
w 22,75 13,5 0,5 0,05
w 23,25 14,5 0,5 0,05
w 23,25 13,5 0,5 0,05
w 23,5 15 0,1 1
w 23,5 16 0,1 1
w 23 16,5 1 0,1
b 68
w 16,5 17 0,1 1
w 17 16,5 1 0,1
w 16,5 18 0,1 1
w 16,5 19 0,1 1
w 16,75 19,5 0,5 0,05
w 16,75 18,5 0,5 0,05
w 17,25 19,5 0,5 0,05
w 17,25 18,5 0,5 0,05
w 16,5 20 0,1 1
w 16,5 21 0,1 1
w 16,5 22 0,1 1
w 17 22,5 1 0,1
w 18 22,5 1 0,1
w 17,75 19,5 0,5 0,05
w 17,75 18,5 0,5 0,05
w 18,25 19,5 0,5 0,05
w 18,25 18,5 0,5 0,05
w 18 16,5 1 0,1
w 19 16,5 1 0,1
w 18,75 19,5 0,5 0,05
w 18,75 18,5 0,5 0,05
w 19,25 19,5 0,5 0,05
w 19,25 18,5 0,5 0,05
w 19 22,5 1 0,1
w 20 22,5 1 0,1
w 20,5 22,25 0,05 0,5
w 20,5 21,75 0,05 0,5
w 21 22,5 1 0,1
w 20,5 21,25 0,05 0,5
w 20,5 20,75 0,05 0,5
w 20,5 20,25 0,05 0,5
w 20,5 19,75 0,05 0,5
w 19,75 19,5 0,5 0,05
w 19,75 18,5 0,5 0,05
w 20,25 19,5 0,5 0,05
w 20,25 18,5 0,5 0,05
w 20,5 18,25 0,05 0,5
w 20,5 17,75 0,05 0,5
w 20 16,5 1 0,1
w 20,5 17,25 0,05 0,5
w 20,5 16,75 0,05 0,5
w 21 16,5 1 0,1
w 20,75 19,5 0,5 0,05
w 20,75 18,5 0,5 0,05
w 21,25 19,5 0,5 0,05
w 21,25 18,5 0,5 0,05
w 22 22,5 1 0,1
w 23,5 22 0,1 1
w 23 22,5 1 0,1
w 23,5 21 0,1 1
w 23,5 20 0,1 1
w 23,5 19 0,1 1
w 22,75 19,5 0,5 0,05
w 22,75 18,5 0,5 0,05
w 23,25 19,5 0,5 0,05
w 23,25 18,5 0,5 0,05
w 21,75 19,5 0,5 0,05
w 21,75 18,5 0,5 0,05
w 22,25 19,5 0,5 0,05
w 22,25 18,5 0,5 0,05
w 22 16,5 1 0,1
w 23,5 17 0,1 1
w 23 16,5 1 0,1
w 23,5 18 0,1 1
b 69
w 35,5 8 0,1 1
w 34,5 8 0,1 1
w 35 8,5 1 0,1
w 34,5 8,25 0,05 0,5
w 34,5 7,75 0,05 0,5
w 35,5 8,25 0,05 0,5
w 35,5 7,75 0,05 0,5
w 35,5 7 0,1 1
w 34,5 7 0,1 1
w 34,5 7,25 0,05 0,5
w 34,5 6,75 0,05 0,5
w 35,5 7,25 0,05 0,5
w 35,5 6,75 0,05 0,5
w 35,5 6 0,1 1
w 34,5 6 0,1 1
w 34,5 6,25 0,05 0,5
w 34,5 5,75 0,05 0,5
w 35,5 6,25 0,05 0,5
w 35,5 5,75 0,05 0,5
w 35,5 5 0,1 1
w 34,5 5 0,1 1
w 34,5 5,25 0,05 0,5
w 34,5 4,75 0,05 0,5
w 35,5 5,25 0,05 0,5
w 35,5 4,75 0,05 0,5
w 35,5 4 0,1 1
w 34,5 4 0,1 1
w 34,5 4,25 0,05 0,5
w 34,5 3,75 0,05 0,5
w 35,5 4,25 0,05 0,5
w 35,5 3,75 0,05 0,5
w 35,5 3 0,1 1
w 34,5 3 0,1 1
w 34,5 3,25 0,05 0,5
w 34,5 2,75 0,05 0,5
w 35,5 3,25 0,05 0,5
w 35,5 2,75 0,05 0,5
w 35,5 2 0,1 1
w 34,5 2 0,1 1
w 34,5 2,25 0,05 0,5
w 34,5 1,75 0,05 0,5
w 35,5 2,25 0,05 0,5
w 35,5 1,75 0,05 0,5
w 35,5 1 0,1 1
w 34,5 1 0,1 1
w 34,5 1,25 0,05 0,5
w 34,5 0,75 0,05 0,5
w 35,5 1,25 0,05 0,5
w 35,5 0,75 0,05 0,5
w 35,5 0 0,1 1
w 34,5 0 0,1 1
w 35 -0,5 1 0,1
w 34,5 0,25 0,05 0,5
w 34,5 -0,25 0,05 0,5
w 35,5 0,25 0,05 0,5
w 35,5 -0,25 0,05 0,5
b 70
w 14,5 12 0,1 1
w 15 11,5 1 0,1
w 14,5 12,25 0,05 0,5
w 14,5 11,75 0,05 0,5
w 15,5 12,25 0,05 0,5
w 15,5 11,75 0,05 0,5
w 14,5 13 0,1 1
w 14,5 13,25 0,05 0,5
w 14,5 12,75 0,05 0,5
w 15,5 13,25 0,05 0,5
w 15,5 12,75 0,05 0,5
w 14,5 14 0,1 1
w 14,5 14,25 0,05 0,5
w 14,5 13,75 0,05 0,5
w 15,5 14,25 0,05 0,5
w 15,5 13,75 0,05 0,5
w 14,5 15 0,1 1
w 14,5 15,25 0,05 0,5
w 14,5 14,75 0,05 0,5
w 15,5 15,25 0,05 0,5
w 15,5 14,75 0,05 0,5
w 14,5 16 0,1 1
w 14,5 16,25 0,05 0,5
w 14,5 15,75 0,05 0,5
w 15,5 16,25 0,05 0,5
w 15,5 15,75 0,05 0,5
w 14,5 17 0,1 1
w 15 17,5 1 0,1
w 14,5 17,25 0,05 0,5
w 14,5 16,75 0,05 0,5
w 15,5 17,25 0,05 0,5
w 15,5 16,75 0,05 0,5
w 16,5 17 0,1 1
w 16 17,5 1 0,1
w 16,5 16 0,1 1
w 16,5 15 0,1 1
w 15,75 15,5 0,5 0,05
w 16,25 15,5 0,5 0,05
w 16,5 14 0,1 1
w 16,5 13 0,1 1
w 16,5 12 0,1 1
w 16 11,5 1 0,1
b 71
w 16,5 8 0,1 1
w 16,75 8,5 0,5 0,05
w 16,75 7,5 0,5 0,05
w 17,25 8,5 0,5 0,05
w 17,25 7,5 0,5 0,05
w 16,5 9 0,1 1
w 16,5 10 0,1 1
w 16,5 11 0,1 1
w 17 11,5 1 0,1
w 18 11,5 1 0,1
w 17,75 8,5 0,5 0,05
w 17,75 7,5 0,5 0,05
w 18,25 8,5 0,5 0,05
w 18,25 7,5 0,5 0,05
w 16,5 7 0,1 1
w 16,5 6 0,1 1
w 17 5,5 1 0,1
w 18 5,5 1 0,1
w 19 5,5 1 0,1
w 18,75 8,5 0,5 0,05
w 18,75 7,5 0,5 0,05
w 19,25 8,5 0,5 0,05
w 19,25 7,5 0,5 0,05
w 19 11,5 1 0,1
w 20 11,5 1 0,1
w 19,75 8,5 0,5 0,05
w 19,75 7,5 0,5 0,05
w 20,25 8,5 0,5 0,05
w 20,25 7,5 0,5 0,05
w 20 5,5 1 0,1
w 21 5,5 1 0,1
w 20,75 8,5 0,5 0,05
w 20,75 7,5 0,5 0,05
w 21,25 8,5 0,5 0,05
w 21,25 7,5 0,5 0,05
w 21 11,5 1 0,1
w 22 11,5 1 0,1
w 21,75 8,5 0,5 0,05
w 21,75 7,5 0,5 0,05
w 22,25 8,5 0,5 0,05
w 22,25 7,5 0,5 0,05
w 22 5,5 1 0,1
w 23,5 6 0,1 1
w 23 5,5 1 0,1
w 23,5 7 0,1 1
w 23,5 8 0,1 1
w 22,75 8,5 0,5 0,05
w 22,75 7,5 0,5 0,05
w 23,25 8,5 0,5 0,05
w 23,25 7,5 0,5 0,05
w 23,5 9 0,1 1
w 23,5 10 0,1 1
w 23,5 11 0,1 1
w 23 11,5 1 0,1
b 72
w 10,5 10 0,1 1
w 11 10,5 1 0,1
w 10,5 9 0,1 1
w 10,5 8 0,1 1
w 10,75 8,5 0,5 0,05
w 10,75 7,5 0,5 0,05
w 11,25 8,5 0,5 0,05
w 11,25 7,5 0,5 0,05
w 10,5 7 0,1 1
w 10,5 6 0,1 1
w 11 5,5 1 0,1
w 12 5,5 1 0,1
w 11,75 8,5 0,5 0,05
w 11,75 7,5 0,5 0,05
w 12,25 8,5 0,5 0,05
w 12,25 7,5 0,5 0,05
w 12 10,5 1 0,1
w 13 10,5 1 0,1
w 12,75 8,5 0,5 0,05
w 12,75 7,5 0,5 0,05
w 13,25 8,5 0,5 0,05
w 13,25 7,5 0,5 0,05
w 13 5,5 1 0,1
w 14 5,5 1 0,1
w 13,75 8,5 0,5 0,05
w 13,75 7,5 0,5 0,05
w 14,25 8,5 0,5 0,05
w 14,25 7,5 0,5 0,05
w 14 10,5 1 0,1
w 14,5 11 0,1 1
w 15 11,5 1 0,1
w 16,5 11 0,1 1
w 16 11,5 1 0,1
w 16,5 10 0,1 1
w 16,5 9 0,1 1
w 14,75 8,5 0,5 0,05
w 14,75 7,5 0,5 0,05
w 15,25 8,5 0,5 0,05
w 15,25 7,5 0,5 0,05
w 15 5,5 1 0,1
w 16,5 6 0,1 1
w 16 5,5 1 0,1
w 16,5 7 0,1 1
w 16,5 8 0,1 1
w 15,75 8,5 0,5 0,05
w 15,75 7,5 0,5 0,05
w 16,25 8,5 0,5 0,05
w 16,25 7,5 0,5 0,05
r 4 0
r 4 1
r 4 2
r 4 3
r 4 4
r 4 12
r 4 13
r 4 14
r 4 15
r 4 16
r 4 18
r 4 19
r 4 20
r 4 21
r 4 22
r 4 42
r 4 43
r 4 44
r 4 45
r 4 46
r 4 47
r 4 48
r 4 49
r 9 0
r 9 1
r 9 2
r 9 3
r 9 4
r 9 24
r 9 25
r 9 26
r 9 27
r 9 28
r 9 30
r 9 31
r 9 32
r 9 33
r 9 34
r 9 36
r 9 37
r 9 38
r 9 39
r 9 40
r 9 42
r 9 43
r 9 44
r 9 45
r 9 46
r 9 47
r 9 48
r 9 49
r 14 0
r 14 1
r 14 2
r 14 3
r 14 4
r 14 12
r 14 13
r 14 14
r 14 15
r 14 16
r 14 18
r 14 19
r 14 20
r 14 21
r 14 22
r 14 42
r 14 43
r 14 44
r 14 45
r 14 46
r 14 47
r 14 48
r 14 49
r 19 0
r 19 1
r 19 2
r 19 3
r 19 4
r 19 36
r 19 37
r 19 38
r 19 39
r 19 40
r 24 0
r 24 1
r 24 2
r 24 3
r 24 4
r 24 36
r 24 37
r 24 38
r 24 39
r 24 40
r 29 0
r 29 1
r 29 2
r 29 3
r 29 4
r 29 6
r 29 7
r 29 8
r 29 9
r 29 10
r 29 12
r 29 13
r 29 14
r 29 15
r 29 16
r 29 18
r 29 19
r 29 20
r 29 21
r 29 22
r 29 24
r 29 25
r 29 26
r 29 27
r 29 28
r 29 30
r 29 31
r 29 32
r 29 33
r 29 34
r 29 42
r 29 43
r 29 44
r 29 45
r 29 46
r 29 47
r 29 48
r 29 49
r 34 0
r 34 1
r 34 2
r 34 3
r 34 4
r 34 6
r 34 7
r 34 8
r 34 9
r 34 10
r 34 12
r 34 13
r 34 14
r 34 15
r 34 16
r 34 36
r 34 37
r 34 38
r 34 39
r 34 40
r 34 42
r 34 43
r 34 44
r 34 45
r 34 46
r 34 47
r 34 48
r 34 49
r 39 6
r 39 7
r 39 8
r 39 9
r 39 10
r 39 12
r 39 13
r 39 14
r 39 15
r 39 16
r 39 18
r 39 19
r 39 20
r 39 21
r 39 22
r 39 24
r 39 25
r 39 26
r 39 27
r 39 28
r 39 30
r 39 31
r 39 32
r 39 33
r 39 34
r 39 36
r 39 37
r 39 38
r 39 39
r 39 40
r 39 42
r 39 43
r 39 44
r 39 45
r 39 46
r 39 47
r 39 48
r 39 49
r 44 0
r 44 1
r 44 2
r 44 3
r 44 4
r 44 12
r 44 13
r 44 14
r 44 15
r 44 16
r 44 18
r 44 19
r 44 20
r 44 21
r 44 22
r 44 30
r 44 31
r 44 32
r 44 33
r 44 34
r 44 36
r 44 37
r 44 38
r 44 39
r 44 40
r 0 5
r 1 5
r 2 5
r 3 5
r 5 5
r 6 5
r 7 5
r 8 5
r 10 5
r 11 5
r 12 5
r 13 5
r 15 5
r 16 5
r 17 5
r 18 5
r 20 5
r 21 5
r 22 5
r 23 5
r 25 5
r 26 5
r 27 5
r 28 5
r 40 5
r 41 5
r 42 5
r 43 5
r 45 5
r 46 5
r 47 5
r 48 5
r 49 5
r 0 11
r 1 11
r 2 11
r 3 11
r 5 11
r 6 11
r 7 11
r 8 11
r 10 11
r 11 11
r 12 11
r 13 11
r 40 11
r 41 11
r 42 11
r 43 11
r 5 17
r 6 17
r 7 17
r 8 17
r 10 17
r 11 17
r 12 17
r 13 17
r 30 17
r 31 17
r 32 17
r 33 17
r 45 17
r 46 17
r 47 17
r 48 17
r 49 17
r 0 23
r 1 23
r 2 23
r 3 23
r 10 23
r 11 23
r 12 23
r 13 23
r 15 23
r 16 23
r 17 23
r 18 23
r 40 23
r 41 23
r 42 23
r 43 23
r 45 23
r 46 23
r 47 23
r 48 23
r 49 23
r 45 29
r 46 29
r 47 29
r 48 29
r 49 29
r 0 35
r 1 35
r 2 35
r 3 35
r 5 35
r 6 35
r 7 35
r 8 35
r 20 35
r 21 35
r 22 35
r 23 35
r 25 35
r 26 35
r 27 35
r 28 35
r 30 35
r 31 35
r 32 35
r 33 35
r 35 35
r 36 35
r 37 35
r 38 35
r 45 35
r 46 35
r 47 35
r 48 35
r 49 35
r 0 41
r 1 41
r 2 41
r 3 41
r 5 41
r 6 41
r 7 41
r 8 41
r 10 41
r 11 41
r 12 41
r 13 41
r 15 41
r 16 41
r 17 41
r 18 41
r 20 41
r 21 41
r 22 41
r 23 41
r 30 41
r 31 41
r 32 41
r 33 41
r 40 41
r 41 41
r 42 41
r 43 41
r 45 41
r 46 41
r 47 41
r 48 41
r 49 41
