b 0
w -0,5 0 0,1 1
w 0 -0,5 1 0,1
w -0,5 1 0,1 1
w -0,25 1,5 0,5 0,05
w -0,25 0,5 0,5 0,05
w 0,25 1,5 0,5 0,05
w 0,25 0,5 0,5 0,05
w -0,5 2 0,1 1
w 0 2,5 1 0,1
w 1 2,5 1 0,1
w 0,75 1,5 0,5 0,05
w 0,75 0,5 0,5 0,05
w 1,25 1,5 0,5 0,05
w 1,25 0,5 0,5 0,05
w 1 -0,5 1 0,1
w 2 -0,5 1 0,1
w 1,75 1,5 0,5 0,05
w 1,75 0,5 0,5 0,05
w 2,25 1,5 0,5 0,05
w 2,25 0,5 0,5 0,05
w 2 2,5 1 0,1
w 3 2,5 1 0,1
w 2,75 1,5 0,5 0,05
w 2,75 0,5 0,5 0,05
w 3,25 1,5 0,5 0,05
w 3,25 0,5 0,5 0,05
w 3 -0,5 1 0,1
w 4,5 0 0,1 1
w 4 -0,5 1 0,1
w 4,5 1 0,1 1
w 3,75 1,5 0,5 0,05
w 3,75 0,5 0,5 0,05
w 4,25 1,5 0,5 0,05
w 4,25 0,5 0,5 0,05
w 4,5 2 0,1 1
w 4 2,5 1 0,1
b 1
w -0,5 4 0,1 1
w 0 3,5 1 0,1
w -0,5 5 0,1 1
w -0,25 5,5 0,5 0,05
w -0,25 4,5 0,5 0,05
w 0,25 5,5 0,5 0,05
w 0,25 4,5 0,5 0,05
w -0,5 6 0,1 1
w 0 6,5 1 0,1
w 1 6,5 1 0,1
w 0,75 5,5 0,5 0,05
w 0,75 4,5 0,5 0,05
w 1,25 5,5 0,5 0,05
w 1,25 4,5 0,5 0,05
w 1 3,5 1 0,1
w 2 3,5 1 0,1
w 1,75 5,5 0,5 0,05
w 1,75 4,5 0,5 0,05
w 2,25 5,5 0,5 0,05
w 2,25 4,5 0,5 0,05
w 2 6,5 1 0,1
w 3 6,5 1 0,1
w 2,75 5,5 0,5 0,05
w 2,75 4,5 0,5 0,05
w 3,25 5,5 0,5 0,05
w 3,25 4,5 0,5 0,05
w 3 3,5 1 0,1
w 4,5 4 0,1 1
w 4 3,5 1 0,1
w 4,5 5 0,1 1
w 3,75 5,5 0,5 0,05
w 3,75 4,5 0,5 0,05
w 4,25 5,5 0,5 0,05
w 4,25 4,5 0,5 0,05
w 4,5 6 0,1 1
w 4 6,5 1 0,1
b 2
w 6,5 18 0,1 1
w 7 18,5 1 0,1
w 6,5 17 0,1 1
w 6,75 17,5 0,5 0,05
w 6,75 16,5 0,5 0,05
w 7,25 17,5 0,5 0,05
w 7,25 16,5 0,5 0,05
w 6,5 16 0,1 1
w 7 15,5 1 0,1
w 8 15,5 1 0,1
w 7,75 17,5 0,5 0,05
w 7,75 16,5 0,5 0,05
w 8,25 17,5 0,5 0,05
w 8,25 16,5 0,5 0,05
w 8 18,5 1 0,1
w 9 18,5 1 0,1
w 8,75 17,5 0,5 0,05
w 8,75 16,5 0,5 0,05
w 9,25 17,5 0,5 0,05
w 9,25 16,5 0,5 0,05
w 9 15,5 1 0,1
w 10,5 16 0,1 1
w 10 15,5 1 0,1
w 10,5 17 0,1 1
w 9,75 17,5 0,5 0,05
w 9,75 16,5 0,5 0,05
w 10,25 17,5 0,5 0,05
w 10,25 16,5 0,5 0,05
w 10,5 18 0,1 1
w 10 18,5 1 0,1
b 3
w -0,5 12 0,1 1
w 0 11,5 1 0,1
w -0,5 13 0,1 1
w -0,25 13,5 0,5 0,05
w -0,25 12,5 0,5 0,05
w 0,25 13,5 0,5 0,05
w 0,25 12,5 0,5 0,05
w -0,5 14 0,1 1
w 0 14,5 1 0,1
w 1 14,5 1 0,1
w 1,5 14,25 0,05 0,5
w 1,5 13,75 0,05 0,5
w 0,75 13,5 0,5 0,05
w 0,75 12,5 0,5 0,05
w 1,25 13,5 0,5 0,05
w 1,25 12,5 0,5 0,05
w 1 11,5 1 0,1
w 1,5 12,25 0,05 0,5
w 1,5 11,75 0,05 0,5
w 2 11,5 1 0,1
w 2,5 12,25 0,05 0,5
w 2,5 11,75 0,05 0,5
w 1,75 13,5 0,5 0,05
w 1,75 12,5 0,5 0,05
w 2,25 13,5 0,5 0,05
w 2,25 12,5 0,5 0,05
w 2 14,5 1 0,1
w 2,5 14,25 0,05 0,5
w 2,5 13,75 0,05 0,5
w 3 14,5 1 0,1
w 2,75 13,5 0,5 0,05
w 2,75 12,5 0,5 0,05
w 3,25 13,5 0,5 0,05
w 3,25 12,5 0,5 0,05
w 3 11,5 1 0,1
w 4,5 12 0,1 1
w 4 11,5 1 0,1
w 4,5 13 0,1 1
w 3,75 13,5 0,5 0,05
w 3,75 12,5 0,5 0,05
w 4,25 13,5 0,5 0,05
w 4,25 12,5 0,5 0,05
w 4,5 14 0,1 1
w 4 14,5 1 0,1
b 4
w -0,5 16 0,1 1
w 0 15,5 1 0,1
w -0,5 17 0,1 1
w -0,25 17,5 0,5 0,05
w -0,25 16,5 0,5 0,05
w 0,25 17,5 0,5 0,05
w 0,25 16,5 0,5 0,05
w -0,5 18 0,1 1
w 0 18,5 1 0,1
w 1 18,5 1 0,1
w 0,75 17,5 0,5 0,05
w 0,75 16,5 0,5 0,05
w 1,25 17,5 0,5 0,05
w 1,25 16,5 0,5 0,05
w 1 15,5 1 0,1
w 2 15,5 1 0,1
w 2,5 16,25 0,05 0,5
w 2,5 15,75 0,05 0,5
w 1,75 17,5 0,5 0,05
w 1,75 16,5 0,5 0,05
w 2,25 17,5 0,5 0,05
w 2,25 16,5 0,5 0,05
w 2 18,5 1 0,1
w 2,5 18,25 0,05 0,5
w 2,5 17,75 0,05 0,5
w 3 18,5 1 0,1
w 2,75 17,5 0,5 0,05
w 2,75 16,5 0,5 0,05
w 3,25 17,5 0,5 0,05
w 3,25 16,5 0,5 0,05
w 3 15,5 1 0,1
w 4,5 16 0,1 1
w 4 15,5 1 0,1
w 4,5 17 0,1 1
w 3,75 17,5 0,5 0,05
w 3,75 16,5 0,5 0,05
w 4,25 17,5 0,5 0,05
w 4,25 16,5 0,5 0,05
w 4,5 18 0,1 1
w 4 18,5 1 0,1
b 5
w 5,5 20 0,1 1
w 6 19,5 1 0,1
w 5,5 21 0,1 1
w 5,75 21,5 0,5 0,05
w 5,75 20,5 0,5 0,05
w 6,25 21,5 0,5 0,05
w 6,25 20,5 0,5 0,05
w 5,5 22 0,1 1
w 6 22,5 1 0,1
w 7 22,5 1 0,1
w 6,75 21,5 0,5 0,05
w 6,75 20,5 0,5 0,05
w 7,25 21,5 0,5 0,05
w 7,25 20,5 0,5 0,05
w 7 19,5 1 0,1
w 8 19,5 1 0,1
w 8,5 20,25 0,05 0,5
w 8,5 19,75 0,05 0,5
w 7,75 21,5 0,5 0,05
w 7,75 20,5 0,5 0,05
w 8,25 21,5 0,5 0,05
w 8,25 20,5 0,5 0,05
w 8 22,5 1 0,1
w 8,5 22,25 0,05 0,5
w 8,5 21,75 0,05 0,5
w 9 22,5 1 0,1
w 8,75 21,5 0,5 0,05
w 8,75 20,5 0,5 0,05
w 9,25 21,5 0,5 0,05
w 9,25 20,5 0,5 0,05
w 9 19,5 1 0,1
w 10,5 20 0,1 1
w 10 19,5 1 0,1
w 10,5 21 0,1 1
w 9,75 21,5 0,5 0,05
w 9,75 20,5 0,5 0,05
w 10,25 21,5 0,5 0,05
w 10,25 20,5 0,5 0,05
w 10,5 22 0,1 1
w 10 22,5 1 0,1
b 6
w 15,5 24 0,1 1
w 16 23,5 1 0,1
w 15,5 25 0,1 1
w 15,75 25,5 0,5 0,05
w 15,75 24,5 0,5 0,05
w 16,25 25,5 0,5 0,05
w 16,25 24,5 0,5 0,05
w 15,5 26 0,1 1
w 16 26,5 1 0,1
w 17 26,5 1 0,1
w 16,75 25,5 0,5 0,05
w 16,75 24,5 0,5 0,05
w 17,25 25,5 0,5 0,05
w 17,25 24,5 0,5 0,05
w 17 23,5 1 0,1
w 18 23,5 1 0,1
w 17,75 25,5 0,5 0,05
w 17,75 24,5 0,5 0,05
w 18,25 25,5 0,5 0,05
w 18,25 24,5 0,5 0,05
w 18 26,5 1 0,1
w 19 26,5 1 0,1
w 19,5 26,25 0,05 0,5
w 19,5 25,75 0,05 0,5
w 18,75 25,5 0,5 0,05
w 18,75 24,5 0,5 0,05
w 19,25 25,5 0,5 0,05
w 19,25 24,5 0,5 0,05
w 19 23,5 1 0,1
w 19,5 24,25 0,05 0,5
w 19,5 23,75 0,05 0,5
w 20 23,5 1 0,1
w 20,5 24,25 0,05 0,5
w 20,5 23,75 0,05 0,5
w 19,75 25,5 0,5 0,05
w 19,75 24,5 0,5 0,05
w 20,25 25,5 0,5 0,05
w 20,25 24,5 0,5 0,05
w 20 26,5 1 0,1
w 20,5 26,25 0,05 0,5
w 20,5 25,75 0,05 0,5
w 21 26,5 1 0,1
w 20,75 25,5 0,5 0,05
w 20,75 24,5 0,5 0,05
w 21,25 25,5 0,5 0,05
w 21,25 24,5 0,5 0,05
w 21 23,5 1 0,1
w 22,5 24 0,1 1
w 22 23,5 1 0,1
w 22,5 25 0,1 1
w 21,75 25,5 0,5 0,05
w 21,75 24,5 0,5 0,05
w 22,25 25,5 0,5 0,05
w 22,25 24,5 0,5 0,05
w 22,5 26 0,1 1
w 22 26,5 1 0,1
b 7
w 13,5 36 0,1 1
w 14 35,5 1 0,1
w 13,5 37 0,1 1
w 13,75 37,5 0,5 0,05
w 13,75 36,5 0,5 0,05
w 14,25 37,5 0,5 0,05
w 14,25 36,5 0,5 0,05
w 13,5 38 0,1 1
w 14 38,5 1 0,1
w 15 38,5 1 0,1
w 14,75 37,5 0,5 0,05
w 14,75 36,5 0,5 0,05
w 15,25 37,5 0,5 0,05
w 15,25 36,5 0,5 0,05
w 15 35,5 1 0,1
w 16 35,5 1 0,1
w 15,75 37,5 0,5 0,05
w 15,75 36,5 0,5 0,05
w 16,25 37,5 0,5 0,05
w 16,25 36,5 0,5 0,05
w 16 38,5 1 0,1
w 17 38,5 1 0,1
w 17,5 38,25 0,05 0,5
w 17,5 37,75 0,05 0,5
w 16,75 37,5 0,5 0,05
w 16,75 36,5 0,5 0,05
w 17,25 37,5 0,5 0,05
w 17,25 36,5 0,5 0,05
w 17 35,5 1 0,1
w 17,5 36,25 0,05 0,5
w 17,5 35,75 0,05 0,5
w 18 35,5 1 0,1
w 18,5 36,25 0,05 0,5
w 18,5 35,75 0,05 0,5
w 17,75 37,5 0,5 0,05
w 17,75 36,5 0,5 0,05
w 18,25 37,5 0,5 0,05
w 18,25 36,5 0,5 0,05
w 18 38,5 1 0,1
w 18,5 38,25 0,05 0,5
w 18,5 37,75 0,05 0,5
w 19 38,5 1 0,1
w 19,5 38,25 0,05 0,5
w 19,5 37,75 0,05 0,5
w 18,75 37,5 0,5 0,05
w 18,75 36,5 0,5 0,05
w 19,25 37,5 0,5 0,05
w 19,25 36,5 0,5 0,05
w 19 35,5 1 0,1
w 19,5 36,25 0,05 0,5
w 19,5 35,75 0,05 0,5
w 20 35,5 1 0,1
w 19,75 37,5 0,5 0,05
w 19,75 36,5 0,5 0,05
w 20,25 37,5 0,5 0,05
w 20,25 36,5 0,5 0,05
w 20 38,5 1 0,1
w 21 38,5 1 0,1
w 20,75 37,5 0,5 0,05
w 20,75 36,5 0,5 0,05
w 21,25 37,5 0,5 0,05
w 21,25 36,5 0,5 0,05
w 21 35,5 1 0,1
w 22,5 36 0,1 1
w 22 35,5 1 0,1
w 22,5 37 0,1 1
w 21,75 37,5 0,5 0,05
w 21,75 36,5 0,5 0,05
w 22,25 37,5 0,5 0,05
w 22,25 36,5 0,5 0,05
w 22,5 38 0,1 1
w 22 38,5 1 0,1
b 8
w -0,5 40 0,1 1
w 0 39,5 1 0,1
w -0,5 41 0,1 1
w -0,25 41,5 0,5 0,05
w -0,25 40,5 0,5 0,05
w 0,25 41,5 0,5 0,05
w 0,25 40,5 0,5 0,05
w -0,5 42 0,1 1
w 0 42,5 1 0,1
w 1 42,5 1 0,1
w 0,75 41,5 0,5 0,05
w 0,75 40,5 0,5 0,05
w 1,25 41,5 0,5 0,05
w 1,25 40,5 0,5 0,05
w 1 39,5 1 0,1
w 2 39,5 1 0,1
w 1,75 41,5 0,5 0,05
w 1,75 40,5 0,5 0,05
w 2,25 41,5 0,5 0,05
w 2,25 40,5 0,5 0,05
w 2 42,5 1 0,1
w 3 42,5 1 0,1
w 2,75 41,5 0,5 0,05
w 2,75 40,5 0,5 0,05
w 3,25 41,5 0,5 0,05
w 3,25 40,5 0,5 0,05
w 3 39,5 1 0,1
w 4,5 40 0,1 1
w 4 39,5 1 0,1
w 4,5 41 0,1 1
w 3,75 41,5 0,5 0,05
w 3,75 40,5 0,5 0,05
w 4,25 41,5 0,5 0,05
w 4,25 40,5 0,5 0,05
w 4,5 42 0,1 1
w 4 42,5 1 0,1
b 9
w 5,5 44 0,1 1
w 6 43,5 1 0,1
w 5,5 45 0,1 1
w 5,5 46 0,1 1
w 5,75 46,5 0,5 0,05
w 6,25 46,5 0,5 0,05
w 5,5 47 0,1 1
w 5,5 48 0,1 1
w 5,5 49 0,1 1
w 6 49,5 1 0,1
w 7 49,5 1 0,1
w 6,75 46,5 0,5 0,05
w 7,25 46,5 0,5 0,05
w 7 43,5 1 0,1
w 8 43,5 1 0,1
w 7,5 44,25 0,05 0,5
w 7,5 43,75 0,05 0,5
w 8,5 44,25 0,05 0,5
w 8,5 43,75 0,05 0,5
w 7,5 45,25 0,05 0,5
w 7,5 44,75 0,05 0,5
w 8,5 45,25 0,05 0,5
w 8,5 44,75 0,05 0,5
w 7,5 46,25 0,05 0,5
w 7,5 45,75 0,05 0,5
w 8,5 46,25 0,05 0,5
w 8,5 45,75 0,05 0,5
w 7,5 47,25 0,05 0,5
w 7,5 46,75 0,05 0,5
w 8,5 47,25 0,05 0,5
w 8,5 46,75 0,05 0,5
w 7,5 48,25 0,05 0,5
w 7,5 47,75 0,05 0,5
w 8,5 48,25 0,05 0,5
w 8,5 47,75 0,05 0,5
w 8 49,5 1 0,1
w 7,5 49,25 0,05 0,5
w 7,5 48,75 0,05 0,5
w 8,5 49,25 0,05 0,5
w 8,5 48,75 0,05 0,5
w 9 49,5 1 0,1
w 8,75 46,5 0,5 0,05
w 9,25 46,5 0,5 0,05
w 9 43,5 1 0,1
w 10,5 44 0,1 1
w 10 43,5 1 0,1
w 10,5 45 0,1 1
w 10,5 46 0,1 1
w 9,75 46,5 0,5 0,05
w 10,25 46,5 0,5 0,05
w 10,5 47 0,1 1
w 10,5 48 0,1 1
w 10,5 49 0,1 1
w 10 49,5 1 0,1
b 10
w 19,5 12 0,1 1
w 20 11,5 1 0,1
w 19,5 13 0,1 1
w 19,75 13,5 0,5 0,05
w 19,75 12,5 0,5 0,05
w 20,25 13,5 0,5 0,05
w 20,25 12,5 0,5 0,05
w 19,5 14 0,1 1
w 20 14,5 1 0,1
w 21 14,5 1 0,1
w 20,75 13,5 0,5 0,05
w 20,75 12,5 0,5 0,05
w 21,25 13,5 0,5 0,05
w 21,25 12,5 0,5 0,05
w 21 11,5 1 0,1
w 22 11,5 1 0,1
w 22,5 12,25 0,05 0,5
w 22,5 11,75 0,05 0,5
w 21,75 13,5 0,5 0,05
w 21,75 12,5 0,5 0,05
w 22,25 13,5 0,5 0,05
w 22,25 12,5 0,5 0,05
w 22 14,5 1 0,1
w 22,5 14,25 0,05 0,5
w 22,5 13,75 0,05 0,5
w 23 14,5 1 0,1
w 22,75 13,5 0,5 0,05
w 22,75 12,5 0,5 0,05
w 23,25 13,5 0,5 0,05
w 23,25 12,5 0,5 0,05
w 23 11,5 1 0,1
w 24 11,5 1 0,1
w 23,75 13,5 0,5 0,05
w 23,75 12,5 0,5 0,05
w 24,25 13,5 0,5 0,05
w 24,25 12,5 0,5 0,05
w 24 14,5 1 0,1
w 25 14,5 1 0,1
w 24,75 13,5 0,5 0,05
w 24,75 12,5 0,5 0,05
w 25,25 13,5 0,5 0,05
w 25,25 12,5 0,5 0,05
w 25 11,5 1 0,1
w 26 11,5 1 0,1
w 25,75 13,5 0,5 0,05
w 25,75 12,5 0,5 0,05
w 26,25 13,5 0,5 0,05
w 26,25 12,5 0,5 0,05
w 26 14,5 1 0,1
w 27 14,5 1 0,1
w 26,75 13,5 0,5 0,05
w 26,75 12,5 0,5 0,05
w 27,25 13,5 0,5 0,05
w 27,25 12,5 0,5 0,05
w 27 11,5 1 0,1
w 28,5 12 0,1 1
w 28 11,5 1 0,1
w 28,5 13 0,1 1
w 27,75 13,5 0,5 0,05
w 27,75 12,5 0,5 0,05
w 28,25 13,5 0,5 0,05
w 28,25 12,5 0,5 0,05
w 28,5 14 0,1 1
w 28 14,5 1 0,1
b 11
w 11,5 0 0,1 1
w 12 -0,5 1 0,1
w 11,5 1 0,1 1
w 11,75 1,5 0,5 0,05
w 11,75 0,5 0,5 0,05
w 12,25 1,5 0,5 0,05
w 12,25 0,5 0,5 0,05
w 11,5 2 0,1 1
w 12 2,5 1 0,1
w 13 2,5 1 0,1
w 12,75 1,5 0,5 0,05
w 12,75 0,5 0,5 0,05
w 13,25 1,5 0,5 0,05
w 13,25 0,5 0,5 0,05
w 13 -0,5 1 0,1
w 14 -0,5 1 0,1
w 13,75 1,5 0,5 0,05
w 13,75 0,5 0,5 0,05
w 14,25 1,5 0,5 0,05
w 14,25 0,5 0,5 0,05
w 14 2,5 1 0,1
w 15 2,5 1 0,1
w 14,75 1,5 0,5 0,05
w 14,75 0,5 0,5 0,05
w 15,25 1,5 0,5 0,05
w 15,25 0,5 0,5 0,05
w 15 -0,5 1 0,1
w 16,5 0 0,1 1
w 16 -0,5 1 0,1
w 16,5 1 0,1 1
w 15,75 1,5 0,5 0,05
w 15,75 0,5 0,5 0,05
w 16,25 1,5 0,5 0,05
w 16,25 0,5 0,5 0,05
w 16,5 2 0,1 1
w 16 2,5 1 0,1
b 12
w 40,5 22 0,1 1
w 41 22,5 1 0,1
w 40,5 21 0,1 1
w 40,75 21,5 0,5 0,05
w 40,75 20,5 0,5 0,05
w 41,25 21,5 0,5 0,05
w 41,25 20,5 0,5 0,05
w 40,5 20 0,1 1
w 41 19,5 1 0,1
w 42 19,5 1 0,1
w 41,75 21,5 0,5 0,05
w 41,75 20,5 0,5 0,05
w 42,25 21,5 0,5 0,05
w 42,25 20,5 0,5 0,05
w 42 22,5 1 0,1
w 43 22,5 1 0,1
w 42,75 21,5 0,5 0,05
w 42,75 20,5 0,5 0,05
w 43,25 21,5 0,5 0,05
w 43,25 20,5 0,5 0,05
w 43 19,5 1 0,1
w 44 19,5 1 0,1
w 43,75 21,5 0,5 0,05
w 43,75 20,5 0,5 0,05
w 44,25 21,5 0,5 0,05
w 44,25 20,5 0,5 0,05
w 44 22,5 1 0,1
w 45 22,5 1 0,1
w 44,75 21,5 0,5 0,05
w 44,75 20,5 0,5 0,05
w 45,25 21,5 0,5 0,05
w 45,25 20,5 0,5 0,05
w 45 19,5 1 0,1
w 46 19,5 1 0,1
w 45,75 21,5 0,5 0,05
w 45,75 20,5 0,5 0,05
w 46,25 21,5 0,5 0,05
w 46,25 20,5 0,5 0,05
w 46 22,5 1 0,1
w 47 22,5 1 0,1
w 46,75 21,5 0,5 0,05
w 46,75 20,5 0,5 0,05
w 47,25 21,5 0,5 0,05
w 47,25 20,5 0,5 0,05
w 47 19,5 1 0,1
w 48 19,5 1 0,1
w 47,75 21,5 0,5 0,05
w 47,75 20,5 0,5 0,05
w 48,25 21,5 0,5 0,05
w 48,25 20,5 0,5 0,05
w 48 22,5 1 0,1
w 49,5 22 0,1 1
w 49 22,5 1 0,1
w 49,5 21 0,1 1
w 48,75 21,5 0,5 0,05
w 48,75 20,5 0,5 0,05
w 49,25 21,5 0,5 0,05
w 49,25 20,5 0,5 0,05
w 49,5 20 0,1 1
w 49 19,5 1 0,1
b 13
w 11,5 28 0,1 1
w 12 27,5 1 0,1
w 11,5 29 0,1 1
w 11,75 29,5 0,5 0,05
w 11,75 28,5 0,5 0,05
w 12,25 29,5 0,5 0,05
w 12,25 28,5 0,5 0,05
w 11,5 30 0,1 1
w 12 30,5 1 0,1
w 13 30,5 1 0,1
w 13,5 30,25 0,05 0,5
w 13,5 29,75 0,05 0,5
w 12,75 29,5 0,5 0,05
w 12,75 28,5 0,5 0,05
w 13,25 29,5 0,5 0,05
w 13,25 28,5 0,5 0,05
w 13 27,5 1 0,1
w 13,5 28,25 0,05 0,5
w 13,5 27,75 0,05 0,5
w 14 27,5 1 0,1
w 13,75 29,5 0,5 0,05
w 13,75 28,5 0,5 0,05
w 14,25 29,5 0,5 0,05
w 14,25 28,5 0,5 0,05
w 14 30,5 1 0,1
w 15 30,5 1 0,1
w 14,75 29,5 0,5 0,05
w 14,75 28,5 0,5 0,05
w 15,25 29,5 0,5 0,05
w 15,25 28,5 0,5 0,05
w 15 27,5 1 0,1
w 16,5 28 0,1 1
w 16 27,5 1 0,1
w 16,5 29 0,1 1
w 15,75 29,5 0,5 0,05
w 15,75 28,5 0,5 0,05
w 16,25 29,5 0,5 0,05
w 16,25 28,5 0,5 0,05
w 16,5 30 0,1 1
w 16 30,5 1 0,1
b 14
w 28,5 42 0,1 1
w 29 42,5 1 0,1
w 28,5 41 0,1 1
w 28,75 41,5 0,5 0,05
w 28,75 40,5 0,5 0,05
w 29,25 41,5 0,5 0,05
w 29,25 40,5 0,5 0,05
w 28,5 40 0,1 1
w 29 39,5 1 0,1
w 30 39,5 1 0,1
w 29,75 41,5 0,5 0,05
w 29,75 40,5 0,5 0,05
w 30,25 41,5 0,5 0,05
w 30,25 40,5 0,5 0,05
w 30 42,5 1 0,1
w 31 42,5 1 0,1
w 31,5 42,25 0,05 0,5
w 31,5 41,75 0,05 0,5
w 30,75 41,5 0,5 0,05
w 30,75 40,5 0,5 0,05
w 31,25 41,5 0,5 0,05
w 31,25 40,5 0,5 0,05
w 31 39,5 1 0,1
w 31,5 40,25 0,05 0,5
w 31,5 39,75 0,05 0,5
w 32 39,5 1 0,1
w 31,75 41,5 0,5 0,05
w 31,75 40,5 0,5 0,05
w 32,25 41,5 0,5 0,05
w 32,25 40,5 0,5 0,05
w 32 42,5 1 0,1
w 33 42,5 1 0,1
w 32,75 41,5 0,5 0,05
w 32,75 40,5 0,5 0,05
w 33,25 41,5 0,5 0,05
w 33,25 40,5 0,5 0,05
w 33 39,5 1 0,1
w 34,5 40 0,1 1
w 34 39,5 1 0,1
w 34,5 41 0,1 1
w 33,75 41,5 0,5 0,05
w 33,75 40,5 0,5 0,05
w 34,25 41,5 0,5 0,05
w 34,25 40,5 0,5 0,05
w 34,5 42 0,1 1
w 34 42,5 1 0,1
b 15
w 11,5 44 0,1 1
w 12 43,5 1 0,1
w 11,5 45 0,1 1
w 11,75 45,5 0,5 0,05
w 12,25 45,5 0,5 0,05
w 11,5 46 0,1 1
w 11,75 46,5 0,5 0,05
w 12,25 46,5 0,5 0,05
w 11,5 47 0,1 1
w 11,5 48 0,1 1
w 11,5 49 0,1 1
w 12 49,5 1 0,1
w 13 49,5 1 0,1
w 12,75 46,5 0,5 0,05
w 13,25 46,5 0,5 0,05
w 12,75 45,5 0,5 0,05
w 13,25 45,5 0,5 0,05
w 13 43,5 1 0,1
w 14 43,5 1 0,1
w 13,5 44,25 0,05 0,5
w 13,5 43,75 0,05 0,5
w 14,5 44,25 0,05 0,5
w 14,5 43,75 0,05 0,5
w 13,5 45,25 0,05 0,5
w 13,5 44,75 0,05 0,5
w 14,5 45,25 0,05 0,5
w 14,5 44,75 0,05 0,5
w 13,5 46,25 0,05 0,5
w 13,5 45,75 0,05 0,5
w 14,5 46,25 0,05 0,5
w 14,5 45,75 0,05 0,5
w 13,5 47,25 0,05 0,5
w 13,5 46,75 0,05 0,5
w 14,5 47,25 0,05 0,5
w 14,5 46,75 0,05 0,5
w 13,5 48,25 0,05 0,5
w 13,5 47,75 0,05 0,5
w 14,5 48,25 0,05 0,5
w 14,5 47,75 0,05 0,5
w 14 49,5 1 0,1
w 13,5 49,25 0,05 0,5
w 13,5 48,75 0,05 0,5
w 14,5 49,25 0,05 0,5
w 14,5 48,75 0,05 0,5
w 15 49,5 1 0,1
w 14,75 46,5 0,5 0,05
w 15,25 46,5 0,5 0,05
w 14,75 45,5 0,5 0,05
w 15,25 45,5 0,5 0,05
w 15 43,5 1 0,1
w 16,5 44 0,1 1
w 16 43,5 1 0,1
w 16,5 45 0,1 1
w 15,75 45,5 0,5 0,05
w 16,25 45,5 0,5 0,05
w 16,5 46 0,1 1
w 15,75 46,5 0,5 0,05
w 16,25 46,5 0,5 0,05
w 16,5 47 0,1 1
w 16,5 48 0,1 1
w 16,5 49 0,1 1
w 16 49,5 1 0,1
b 16
w 17,5 0 0,1 1
w 18 -0,5 1 0,1
w 17,5 1 0,1 1
w 17,75 1,5 0,5 0,05
w 17,75 0,5 0,5 0,05
w 18,25 1,5 0,5 0,05
w 18,25 0,5 0,5 0,05
w 17,5 2 0,1 1
w 18 2,5 1 0,1
w 19 2,5 1 0,1
w 18,75 1,5 0,5 0,05
w 18,75 0,5 0,5 0,05
w 19,25 1,5 0,5 0,05
w 19,25 0,5 0,5 0,05
w 19 -0,5 1 0,1
w 20 -0,5 1 0,1
w 19,75 1,5 0,5 0,05
w 19,75 0,5 0,5 0,05
w 20,25 1,5 0,5 0,05
w 20,25 0,5 0,5 0,05
w 20 2,5 1 0,1
w 21 2,5 1 0,1
w 20,75 1,5 0,5 0,05
w 20,75 0,5 0,5 0,05
w 21,25 1,5 0,5 0,05
w 21,25 0,5 0,5 0,05
w 21 -0,5 1 0,1
w 22,5 0 0,1 1
w 22 -0,5 1 0,1
w 22,5 1 0,1 1
w 21,75 1,5 0,5 0,05
w 21,75 0,5 0,5 0,05
w 22,25 1,5 0,5 0,05
w 22,25 0,5 0,5 0,05
w 22,5 2 0,1 1
w 22 2,5 1 0,1
b 17
w 23,5 0 0,1 1
w 24 -0,5 1 0,1
w 23,5 1 0,1 1
w 23,75 1,5 0,5 0,05
w 23,75 0,5 0,5 0,05
w 24,25 1,5 0,5 0,05
w 24,25 0,5 0,5 0,05
w 23,5 2 0,1 1
w 24 2,5 1 0,1
w 25 2,5 1 0,1
w 24,75 1,5 0,5 0,05
w 24,75 0,5 0,5 0,05
w 25,25 1,5 0,5 0,05
w 25,25 0,5 0,5 0,05
w 25 -0,5 1 0,1
w 26 -0,5 1 0,1
w 26,5 0,25 0,05 0,5
w 26,5 -0,25 0,05 0,5
w 25,75 1,5 0,5 0,05
w 25,75 0,5 0,5 0,05
w 26,25 1,5 0,5 0,05
w 26,25 0,5 0,5 0,05
w 26 2,5 1 0,1
w 26,5 2,25 0,05 0,5
w 26,5 1,75 0,05 0,5
w 27 2,5 1 0,1
w 26,75 1,5 0,5 0,05
w 26,75 0,5 0,5 0,05
w 27,25 1,5 0,5 0,05
w 27,25 0,5 0,5 0,05
w 27 -0,5 1 0,1
w 28,5 0 0,1 1
w 28 -0,5 1 0,1
w 28,5 1 0,1 1
w 27,75 1,5 0,5 0,05
w 27,75 0,5 0,5 0,05
w 28,25 1,5 0,5 0,05
w 28,25 0,5 0,5 0,05
w 28,5 2 0,1 1
w 28 2,5 1 0,1
b 18
w 43,5 36 0,1 1
w 44 35,5 1 0,1
w 43,5 37 0,1 1
w 43,75 37,5 0,5 0,05
w 43,75 36,5 0,5 0,05
w 44,25 37,5 0,5 0,05
w 44,25 36,5 0,5 0,05
w 43,5 38 0,1 1
w 44 38,5 1 0,1
w 45 38,5 1 0,1
w 44,75 37,5 0,5 0,05
w 44,75 36,5 0,5 0,05
w 45,25 37,5 0,5 0,05
w 45,25 36,5 0,5 0,05
w 45 35,5 1 0,1
w 46 35,5 1 0,1
w 45,75 37,5 0,5 0,05
w 45,75 36,5 0,5 0,05
w 46,25 37,5 0,5 0,05
w 46,25 36,5 0,5 0,05
w 46 38,5 1 0,1
w 47 38,5 1 0,1
w 46,75 37,5 0,5 0,05
w 46,75 36,5 0,5 0,05
w 47,25 37,5 0,5 0,05
w 47,25 36,5 0,5 0,05
w 47 35,5 1 0,1
w 48 35,5 1 0,1
w 47,75 37,5 0,5 0,05
w 47,75 36,5 0,5 0,05
w 48,25 37,5 0,5 0,05
w 48,25 36,5 0,5 0,05
w 48 38,5 1 0,1
w 49,5 38 0,1 1
w 49 38,5 1 0,1
w 49,5 37 0,1 1
w 48,75 37,5 0,5 0,05
w 48,75 36,5 0,5 0,05
w 49,25 37,5 0,5 0,05
w 49,25 36,5 0,5 0,05
w 49,5 36 0,1 1
w 49 35,5 1 0,1
b 19
w 23,5 44 0,1 1
w 24 43,5 1 0,1
w 23,5 45 0,1 1
w 23,75 45,5 0,5 0,05
w 24,25 45,5 0,5 0,05
w 23,5 46 0,1 1
w 23,5 47 0,1 1
w 23,5 48 0,1 1
w 23,5 49 0,1 1
w 24 49,5 1 0,1
w 25 49,5 1 0,1
w 24,75 45,5 0,5 0,05
w 25,25 45,5 0,5 0,05
w 25 43,5 1 0,1
w 26 43,5 1 0,1
w 25,5 44,25 0,05 0,5
w 25,5 43,75 0,05 0,5
w 26,5 44,25 0,05 0,5
w 26,5 43,75 0,05 0,5
w 25,5 45,25 0,05 0,5
w 25,5 44,75 0,05 0,5
w 26,5 45,25 0,05 0,5
w 26,5 44,75 0,05 0,5
w 25,5 46,25 0,05 0,5
w 25,5 45,75 0,05 0,5
w 26,5 46,25 0,05 0,5
w 26,5 45,75 0,05 0,5
w 25,5 47,25 0,05 0,5
w 25,5 46,75 0,05 0,5
w 26,5 47,25 0,05 0,5
w 26,5 46,75 0,05 0,5
w 25,5 48,25 0,05 0,5
w 25,5 47,75 0,05 0,5
w 26,5 48,25 0,05 0,5
w 26,5 47,75 0,05 0,5
w 26 49,5 1 0,1
w 25,5 49,25 0,05 0,5
w 25,5 48,75 0,05 0,5
w 26,5 49,25 0,05 0,5
w 26,5 48,75 0,05 0,5
w 27 49,5 1 0,1
w 26,75 45,5 0,5 0,05
w 27,25 45,5 0,5 0,05
w 27 43,5 1 0,1
w 28,5 44 0,1 1
w 28 43,5 1 0,1
w 28,5 45 0,1 1
w 27,75 45,5 0,5 0,05
w 28,25 45,5 0,5 0,05
w 28,5 46 0,1 1
w 28,5 47 0,1 1
w 28,5 48 0,1 1
w 28,5 49 0,1 1
w 28 49,5 1 0,1
b 20
w 35,5 0 0,1 1
w 36 -0,5 1 0,1
w 35,5 1 0,1 1
w 35,75 1,5 0,5 0,05
w 35,75 0,5 0,5 0,05
w 36,25 1,5 0,5 0,05
w 36,25 0,5 0,5 0,05
w 35,5 2 0,1 1
w 36 2,5 1 0,1
w 37 2,5 1 0,1
w 36,75 1,5 0,5 0,05
w 36,75 0,5 0,5 0,05
w 37,25 1,5 0,5 0,05
w 37,25 0,5 0,5 0,05
w 37 -0,5 1 0,1
w 38 -0,5 1 0,1
w 37,75 1,5 0,5 0,05
w 37,75 0,5 0,5 0,05
w 38,25 1,5 0,5 0,05
w 38,25 0,5 0,5 0,05
w 38 2,5 1 0,1
w 39 2,5 1 0,1
w 38,75 1,5 0,5 0,05
w 38,75 0,5 0,5 0,05
w 39,25 1,5 0,5 0,05
w 39,25 0,5 0,5 0,05
w 39 -0,5 1 0,1
w 40,5 0 0,1 1
w 40 -0,5 1 0,1
w 40,5 1 0,1 1
w 39,75 1,5 0,5 0,05
w 39,75 0,5 0,5 0,05
w 40,25 1,5 0,5 0,05
w 40,25 0,5 0,5 0,05
w 40,5 2 0,1 1
w 40 2,5 1 0,1
b 21
w 41,5 8 0,1 1
w 42 7,5 1 0,1
w 41,5 9 0,1 1
w 41,75 9,5 0,5 0,05
w 41,75 8,5 0,5 0,05
w 42,25 9,5 0,5 0,05
w 42,25 8,5 0,5 0,05
w 41,5 10 0,1 1
w 42 10,5 1 0,1
w 43 10,5 1 0,1
w 42,75 9,5 0,5 0,05
w 42,75 8,5 0,5 0,05
w 43,25 9,5 0,5 0,05
w 43,25 8,5 0,5 0,05
w 43 7,5 1 0,1
w 44 7,5 1 0,1
w 43,75 9,5 0,5 0,05
w 43,75 8,5 0,5 0,05
w 44,25 9,5 0,5 0,05
w 44,25 8,5 0,5 0,05
w 44 10,5 1 0,1
w 45 10,5 1 0,1
w 44,75 9,5 0,5 0,05
w 44,75 8,5 0,5 0,05
w 45,25 9,5 0,5 0,05
w 45,25 8,5 0,5 0,05
w 45 7,5 1 0,1
w 46 7,5 1 0,1
w 46,5 8,25 0,05 0,5
w 46,5 7,75 0,05 0,5
w 45,75 9,5 0,5 0,05
w 45,75 8,5 0,5 0,05
w 46,25 9,5 0,5 0,05
w 46,25 8,5 0,5 0,05
w 46 10,5 1 0,1
w 46,5 10,25 0,05 0,5
w 46,5 9,75 0,05 0,5
w 47 10,5 1 0,1
w 46,75 9,5 0,5 0,05
w 46,75 8,5 0,5 0,05
w 47,25 9,5 0,5 0,05
w 47,25 8,5 0,5 0,05
w 47 7,5 1 0,1
w 48 7,5 1 0,1
w 47,75 9,5 0,5 0,05
w 47,75 8,5 0,5 0,05
w 48,25 9,5 0,5 0,05
w 48,25 8,5 0,5 0,05
w 48 10,5 1 0,1
w 49,5 10 0,1 1
w 49 10,5 1 0,1
w 49,5 9 0,1 1
w 48,75 9,5 0,5 0,05
w 48,75 8,5 0,5 0,05
w 49,25 9,5 0,5 0,05
w 49,25 8,5 0,5 0,05
w 49,5 8 0,1 1
w 49 7,5 1 0,1
b 22
w 29,5 32 0,1 1
w 30 31,5 1 0,1
w 29,5 33 0,1 1
w 29,75 33,5 0,5 0,05
w 29,75 32,5 0,5 0,05
w 30,25 33,5 0,5 0,05
w 30,25 32,5 0,5 0,05
w 29,5 34 0,1 1
w 30 34,5 1 0,1
w 31 34,5 1 0,1
w 30,75 33,5 0,5 0,05
w 30,75 32,5 0,5 0,05
w 31,25 33,5 0,5 0,05
w 31,25 32,5 0,5 0,05
w 31 31,5 1 0,1
w 32 31,5 1 0,1
w 31,75 33,5 0,5 0,05
w 31,75 32,5 0,5 0,05
w 32,25 33,5 0,5 0,05
w 32,25 32,5 0,5 0,05
w 32 34,5 1 0,1
w 33 34,5 1 0,1
w 32,75 33,5 0,5 0,05
w 32,75 32,5 0,5 0,05
w 33,25 33,5 0,5 0,05
w 33,25 32,5 0,5 0,05
w 33 31,5 1 0,1
w 34,5 32 0,1 1
w 34 31,5 1 0,1
w 34,5 33 0,1 1
w 33,75 33,5 0,5 0,05
w 33,75 32,5 0,5 0,05
w 34,25 33,5 0,5 0,05
w 34,25 32,5 0,5 0,05
w 34,5 34 0,1 1
w 34 34,5 1 0,1
b 23
w 29,5 44 0,1 1
w 30 43,5 1 0,1
w 29,5 45 0,1 1
w 29,5 46 0,1 1
w 29,5 47 0,1 1
w 29,5 48 0,1 1
w 29,5 49 0,1 1
w 30 49,5 1 0,1
w 31 49,5 1 0,1
w 31 43,5 1 0,1
w 32 43,5 1 0,1
w 31,5 44,25 0,05 0,5
w 31,5 43,75 0,05 0,5
w 32,5 44,25 0,05 0,5
w 32,5 43,75 0,05 0,5
w 31,5 45,25 0,05 0,5
w 31,5 44,75 0,05 0,5
w 32,5 45,25 0,05 0,5
w 32,5 44,75 0,05 0,5
w 31,5 46,25 0,05 0,5
w 31,5 45,75 0,05 0,5
w 32,5 46,25 0,05 0,5
w 32,5 45,75 0,05 0,5
w 31,5 47,25 0,05 0,5
w 31,5 46,75 0,05 0,5
w 32,5 47,25 0,05 0,5
w 32,5 46,75 0,05 0,5
w 31,5 48,25 0,05 0,5
w 31,5 47,75 0,05 0,5
w 32,5 48,25 0,05 0,5
w 32,5 47,75 0,05 0,5
w 32 49,5 1 0,1
w 31,5 49,25 0,05 0,5
w 31,5 48,75 0,05 0,5
w 32,5 49,25 0,05 0,5
w 32,5 48,75 0,05 0,5
w 33 49,5 1 0,1
w 33 43,5 1 0,1
w 34,5 44 0,1 1
w 34 43,5 1 0,1
w 34,5 45 0,1 1
w 34,5 46 0,1 1
w 34,5 47 0,1 1
w 34,5 48 0,1 1
w 34,5 49 0,1 1
w 34 49,5 1 0,1
b 24
w 35,5 16 0,1 1
w 36 15,5 1 0,1
w 35,5 17 0,1 1
w 35,75 17,5 0,5 0,05
w 35,75 16,5 0,5 0,05
w 36,25 17,5 0,5 0,05
w 36,25 16,5 0,5 0,05
w 35,5 18 0,1 1
w 36 18,5 1 0,1
w 37 18,5 1 0,1
w 36,75 17,5 0,5 0,05
w 36,75 16,5 0,5 0,05
w 37,25 17,5 0,5 0,05
w 37,25 16,5 0,5 0,05
w 37 15,5 1 0,1
w 38 15,5 1 0,1
w 37,75 17,5 0,5 0,05
w 37,75 16,5 0,5 0,05
w 38,25 17,5 0,5 0,05
w 38,25 16,5 0,5 0,05
w 38 18,5 1 0,1
w 39 18,5 1 0,1
w 38,75 17,5 0,5 0,05
w 38,75 16,5 0,5 0,05
w 39,25 17,5 0,5 0,05
w 39,25 16,5 0,5 0,05
w 39 15,5 1 0,1
w 40,5 16 0,1 1
w 40 15,5 1 0,1
w 40,5 17 0,1 1
w 39,75 17,5 0,5 0,05
w 39,75 16,5 0,5 0,05
w 40,25 17,5 0,5 0,05
w 40,25 16,5 0,5 0,05
w 40,5 18 0,1 1
w 40 18,5 1 0,1
b 25
w 35,5 32 0,1 1
w 36 31,5 1 0,1
w 35,5 33 0,1 1
w 35,75 33,5 0,5 0,05
w 35,75 32,5 0,5 0,05
w 36,25 33,5 0,5 0,05
w 36,25 32,5 0,5 0,05
w 35,5 34 0,1 1
w 36 34,5 1 0,1
w 37 34,5 1 0,1
w 36,75 33,5 0,5 0,05
w 36,75 32,5 0,5 0,05
w 37,25 33,5 0,5 0,05
w 37,25 32,5 0,5 0,05
w 37 31,5 1 0,1
w 38 31,5 1 0,1
w 37,75 33,5 0,5 0,05
w 37,75 32,5 0,5 0,05
w 38,25 33,5 0,5 0,05
w 38,25 32,5 0,5 0,05
w 38 34,5 1 0,1
w 39 34,5 1 0,1
w 38,75 33,5 0,5 0,05
w 38,75 32,5 0,5 0,05
w 39,25 33,5 0,5 0,05
w 39,25 32,5 0,5 0,05
w 39 31,5 1 0,1
w 40,5 32 0,1 1
w 40 31,5 1 0,1
w 40,5 33 0,1 1
w 39,75 33,5 0,5 0,05
w 39,75 32,5 0,5 0,05
w 40,25 33,5 0,5 0,05
w 40,25 32,5 0,5 0,05
w 40,5 34 0,1 1
w 40 34,5 1 0,1
b 26
w 35,5 44 0,1 1
w 36 43,5 1 0,1
w 35,5 45 0,1 1
w 35,5 46 0,1 1
w 35,5 47 0,1 1
w 35,5 48 0,1 1
w 35,5 49 0,1 1
w 36 49,5 1 0,1
w 37 49,5 1 0,1
w 37 43,5 1 0,1
w 38 43,5 1 0,1
w 37,5 44,25 0,05 0,5
w 37,5 43,75 0,05 0,5
w 38,5 44,25 0,05 0,5
w 38,5 43,75 0,05 0,5
w 37,5 45,25 0,05 0,5
w 37,5 44,75 0,05 0,5
w 38,5 45,25 0,05 0,5
w 38,5 44,75 0,05 0,5
w 37,5 46,25 0,05 0,5
w 37,5 45,75 0,05 0,5
w 38,5 46,25 0,05 0,5
w 38,5 45,75 0,05 0,5
w 37,5 47,25 0,05 0,5
w 37,5 46,75 0,05 0,5
w 38,5 47,25 0,05 0,5
w 38,5 46,75 0,05 0,5
w 37,5 48,25 0,05 0,5
w 37,5 47,75 0,05 0,5
w 38,5 48,25 0,05 0,5
w 38,5 47,75 0,05 0,5
w 38 49,5 1 0,1
w 37,5 49,25 0,05 0,5
w 37,5 48,75 0,05 0,5
w 38,5 49,25 0,05 0,5
w 38,5 48,75 0,05 0,5
w 39 49,5 1 0,1
w 39 43,5 1 0,1
w 40,5 44 0,1 1
w 40 43,5 1 0,1
w 40,5 45 0,1 1
w 40,5 46 0,1 1
w 40,5 47 0,1 1
w 40,5 48 0,1 1
w 40,5 49 0,1 1
w 40 49,5 1 0,1
b 27
w 41,5 16 0,1 1
w 42 15,5 1 0,1
w 41,5 17 0,1 1
w 41,75 17,5 0,5 0,05
w 41,75 16,5 0,5 0,05
w 42,25 17,5 0,5 0,05
w 42,25 16,5 0,5 0,05
w 41,5 18 0,1 1
w 42 18,5 1 0,1
w 43 18,5 1 0,1
w 42,75 17,5 0,5 0,05
w 42,75 16,5 0,5 0,05
w 43,25 17,5 0,5 0,05
w 43,25 16,5 0,5 0,05
w 43 15,5 1 0,1
w 44 15,5 1 0,1
w 43,75 17,5 0,5 0,05
w 43,75 16,5 0,5 0,05
w 44,25 17,5 0,5 0,05
w 44,25 16,5 0,5 0,05
w 44 18,5 1 0,1
w 45 18,5 1 0,1
w 44,75 17,5 0,5 0,05
w 44,75 16,5 0,5 0,05
w 45,25 17,5 0,5 0,05
w 45,25 16,5 0,5 0,05
w 45 15,5 1 0,1
w 46 15,5 1 0,1
w 45,75 17,5 0,5 0,05
w 45,75 16,5 0,5 0,05
w 46,25 17,5 0,5 0,05
w 46,25 16,5 0,5 0,05
w 46 18,5 1 0,1
w 47 18,5 1 0,1
w 46,75 17,5 0,5 0,05
w 46,75 16,5 0,5 0,05
w 47,25 17,5 0,5 0,05
w 47,25 16,5 0,5 0,05
w 47 15,5 1 0,1
w 48 15,5 1 0,1
w 47,75 17,5 0,5 0,05
w 47,75 16,5 0,5 0,05
w 48,25 17,5 0,5 0,05
w 48,25 16,5 0,5 0,05
w 48 18,5 1 0,1
w 49,5 18 0,1 1
w 49 18,5 1 0,1
w 49,5 17 0,1 1
w 48,75 17,5 0,5 0,05
w 48,75 16,5 0,5 0,05
w 49,25 17,5 0,5 0,05
w 49,25 16,5 0,5 0,05
w 49,5 16 0,1 1
w 49 15,5 1 0,1
b 28
w 41,5 24 0,1 1
w 42 23,5 1 0,1
w 41,5 25 0,1 1
w 41,75 25,5 0,5 0,05
w 41,75 24,5 0,5 0,05
w 42,25 25,5 0,5 0,05
w 42,25 24,5 0,5 0,05
w 41,5 26 0,1 1
w 42 26,5 1 0,1
w 43 26,5 1 0,1
w 42,75 25,5 0,5 0,05
w 42,75 24,5 0,5 0,05
w 43,25 25,5 0,5 0,05
w 43,25 24,5 0,5 0,05
w 43 23,5 1 0,1
w 44 23,5 1 0,1
w 43,75 25,5 0,5 0,05
w 43,75 24,5 0,5 0,05
w 44,25 25,5 0,5 0,05
w 44,25 24,5 0,5 0,05
w 44 26,5 1 0,1
w 45 26,5 1 0,1
w 44,75 25,5 0,5 0,05
w 44,75 24,5 0,5 0,05
w 45,25 25,5 0,5 0,05
w 45,25 24,5 0,5 0,05
w 45 23,5 1 0,1
w 46 23,5 1 0,1
w 45,75 25,5 0,5 0,05
w 45,75 24,5 0,5 0,05
w 46,25 25,5 0,5 0,05
w 46,25 24,5 0,5 0,05
w 46 26,5 1 0,1
w 47 26,5 1 0,1
w 46,75 25,5 0,5 0,05
w 46,75 24,5 0,5 0,05
w 47,25 25,5 0,5 0,05
w 47,25 24,5 0,5 0,05
w 47 23,5 1 0,1
w 48 23,5 1 0,1
w 47,75 25,5 0,5 0,05
w 47,75 24,5 0,5 0,05
w 48,25 25,5 0,5 0,05
w 48,25 24,5 0,5 0,05
w 48 26,5 1 0,1
w 49,5 26 0,1 1
w 49 26,5 1 0,1
w 49,5 25 0,1 1
w 48,75 25,5 0,5 0,05
w 48,75 24,5 0,5 0,05
w 49,25 25,5 0,5 0,05
w 49,25 24,5 0,5 0,05
w 49,5 24 0,1 1
w 49 23,5 1 0,1
b 29
w 41,5 32 0,1 1
w 42 31,5 1 0,1
w 41,5 33 0,1 1
w 41,75 33,5 0,5 0,05
w 41,75 32,5 0,5 0,05
w 42,25 33,5 0,5 0,05
w 42,25 32,5 0,5 0,05
w 41,5 34 0,1 1
w 42 34,5 1 0,1
w 43 34,5 1 0,1
w 42,75 33,5 0,5 0,05
w 42,75 32,5 0,5 0,05
w 43,25 33,5 0,5 0,05
w 43,25 32,5 0,5 0,05
w 43 31,5 1 0,1
w 44 31,5 1 0,1
w 43,75 33,5 0,5 0,05
w 43,75 32,5 0,5 0,05
w 44,25 33,5 0,5 0,05
w 44,25 32,5 0,5 0,05
w 44 34,5 1 0,1
w 45 34,5 1 0,1
w 44,75 33,5 0,5 0,05
w 44,75 32,5 0,5 0,05
w 45,25 33,5 0,5 0,05
w 45,25 32,5 0,5 0,05
w 45 31,5 1 0,1
w 46 31,5 1 0,1
w 45,75 33,5 0,5 0,05
w 45,75 32,5 0,5 0,05
w 46,25 33,5 0,5 0,05
w 46,25 32,5 0,5 0,05
w 46 34,5 1 0,1
w 47 34,5 1 0,1
w 46,75 33,5 0,5 0,05
w 46,75 32,5 0,5 0,05
w 47,25 33,5 0,5 0,05
w 47,25 32,5 0,5 0,05
w 47 31,5 1 0,1
w 48 31,5 1 0,1
w 47,75 33,5 0,5 0,05
w 47,75 32,5 0,5 0,05
w 48,25 33,5 0,5 0,05
w 48,25 32,5 0,5 0,05
w 48 34,5 1 0,1
w 49,5 34 0,1 1
w 49 34,5 1 0,1
w 49,5 33 0,1 1
w 48,75 33,5 0,5 0,05
w 48,75 32,5 0,5 0,05
w 49,25 33,5 0,5 0,05
w 49,25 32,5 0,5 0,05
w 49,5 32 0,1 1
w 49 31,5 1 0,1
b 30
w 41,5 40 0,1 1
w 42 39,5 1 0,1
w 41,5 41 0,1 1
w 41,75 41,5 0,5 0,05
w 41,75 40,5 0,5 0,05
w 42,25 41,5 0,5 0,05
w 42,25 40,5 0,5 0,05
w 41,5 42 0,1 1
w 42 42,5 1 0,1
w 43 42,5 1 0,1
w 42,75 41,5 0,5 0,05
w 42,75 40,5 0,5 0,05
w 43,25 41,5 0,5 0,05
w 43,25 40,5 0,5 0,05
w 43 39,5 1 0,1
w 44 39,5 1 0,1
w 43,75 41,5 0,5 0,05
w 43,75 40,5 0,5 0,05
w 44,25 41,5 0,5 0,05
w 44,25 40,5 0,5 0,05
w 44 42,5 1 0,1
w 45 42,5 1 0,1
w 44,75 41,5 0,5 0,05
w 44,75 40,5 0,5 0,05
w 45,25 41,5 0,5 0,05
w 45,25 40,5 0,5 0,05
w 45 39,5 1 0,1
w 46 39,5 1 0,1
w 45,75 41,5 0,5 0,05
w 45,75 40,5 0,5 0,05
w 46,25 41,5 0,5 0,05
w 46,25 40,5 0,5 0,05
w 46 42,5 1 0,1
w 47 42,5 1 0,1
w 46,75 41,5 0,5 0,05
w 46,75 40,5 0,5 0,05
w 47,25 41,5 0,5 0,05
w 47,25 40,5 0,5 0,05
w 47 39,5 1 0,1
w 48 39,5 1 0,1
w 47,75 41,5 0,5 0,05
w 47,75 40,5 0,5 0,05
w 48,25 41,5 0,5 0,05
w 48,25 40,5 0,5 0,05
w 48 42,5 1 0,1
w 49,5 42 0,1 1
w 49 42,5 1 0,1
w 49,5 41 0,1 1
w 48,75 41,5 0,5 0,05
w 48,75 40,5 0,5 0,05
w 49,25 41,5 0,5 0,05
w 49,25 40,5 0,5 0,05
w 49,5 40 0,1 1
w 49 39,5 1 0,1
b 31
w 41,5 44 0,1 1
w 42 43,5 1 0,1
w 41,5 45 0,1 1
w 41,5 46 0,1 1
w 41,75 46,5 0,5 0,05
w 41,75 45,5 0,5 0,05
w 42,25 46,5 0,5 0,05
w 42,25 45,5 0,5 0,05
w 41,5 47 0,1 1
w 41,5 48 0,1 1
w 41,5 49 0,1 1
w 42 49,5 1 0,1
w 43 49,5 1 0,1
w 42,75 46,5 0,5 0,05
w 42,75 45,5 0,5 0,05
w 43,25 46,5 0,5 0,05
w 43,25 45,5 0,5 0,05
w 43 43,5 1 0,1
w 44 43,5 1 0,1
w 43,75 46,5 0,5 0,05
w 43,75 45,5 0,5 0,05
w 44,25 46,5 0,5 0,05
w 44,25 45,5 0,5 0,05
w 44 49,5 1 0,1
w 45 49,5 1 0,1
w 44,75 46,5 0,5 0,05
w 44,75 45,5 0,5 0,05
w 45,25 46,5 0,5 0,05
w 45,25 45,5 0,5 0,05
w 45 43,5 1 0,1
w 46 43,5 1 0,1
w 45,75 46,5 0,5 0,05
w 45,75 45,5 0,5 0,05
w 46,25 46,5 0,5 0,05
w 46,25 45,5 0,5 0,05
w 46 49,5 1 0,1
w 47 49,5 1 0,1
w 46,75 46,5 0,5 0,05
w 46,75 45,5 0,5 0,05
w 47,25 46,5 0,5 0,05
w 47,25 45,5 0,5 0,05
w 47 43,5 1 0,1
w 48 43,5 1 0,1
w 47,75 46,5 0,5 0,05
w 47,75 45,5 0,5 0,05
w 48,25 46,5 0,5 0,05
w 48,25 45,5 0,5 0,05
w 48 49,5 1 0,1
w 49,5 49 0,1 1
w 49 49,5 1 0,1
w 49,5 48 0,1 1
w 49,5 47 0,1 1
w 49,5 46 0,1 1
w 48,75 46,5 0,5 0,05
w 48,75 45,5 0,5 0,05
w 49,25 46,5 0,5 0,05
w 49,25 45,5 0,5 0,05
w 49,5 45 0,1 1
w 49,5 44 0,1 1
w 49 43,5 1 0,1
b 32
w 6,5 15 0,1 1
w 5,5 15 0,1 1
w 6 14,5 1 0,1
w 6,5 16 0,1 1
w 5,5 16 0,1 1
w 6,5 17 0,1 1
w 5,5 17 0,1 1
w 6,5 18 0,1 1
w 5,5 18 0,1 1
w 6 18,5 1 0,1
b 33
w 6,5 11 0,1 1
w 7 11,5 1 0,1
w 6,5 10 0,1 1
w 6,5 9 0,1 1
w 6,75 9,5 0,5 0,05
w 6,75 8,5 0,5 0,05
w 7,25 9,5 0,5 0,05
w 7,25 8,5 0,5 0,05
w 6,5 8 0,1 1
w 7 7,5 1 0,1
w 8 7,5 1 0,1
w 8,5 8,25 0,05 0,5
w 8,5 7,75 0,05 0,5
w 7,75 9,5 0,5 0,05
w 7,75 8,5 0,5 0,05
w 8,25 9,5 0,5 0,05
w 8,25 8,5 0,5 0,05
w 8,5 10,25 0,05 0,5
w 8,5 9,75 0,05 0,5
w 8 11,5 1 0,1
w 8,5 11,25 0,05 0,5
w 8,5 10,75 0,05 0,5
w 9 11,5 1 0,1
w 8,75 9,5 0,5 0,05
w 8,75 8,5 0,5 0,05
w 9,25 9,5 0,5 0,05
w 9,25 8,5 0,5 0,05
w 9 7,5 1 0,1
w 10 7,5 1 0,1
w 9,75 9,5 0,5 0,05
w 9,75 8,5 0,5 0,05
w 10,25 9,5 0,5 0,05
w 10,25 8,5 0,5 0,05
w 10 11,5 1 0,1
w 11 11,5 1 0,1
w 10,75 9,5 0,5 0,05
w 10,75 8,5 0,5 0,05
w 11,25 9,5 0,5 0,05
w 11,25 8,5 0,5 0,05
w 11 7,5 1 0,1
w 12 7,5 1 0,1
w 11,75 9,5 0,5 0,05
w 11,75 8,5 0,5 0,05
w 12,25 9,5 0,5 0,05
w 12,25 8,5 0,5 0,05
w 12 11,5 1 0,1
w 13 11,5 1 0,1
w 13,5 11,25 0,05 0,5
w 13,5 10,75 0,05 0,5
w 13,5 10,25 0,05 0,5
w 13,5 9,75 0,05 0,5
w 12,75 9,5 0,5 0,05
w 12,75 8,5 0,5 0,05
w 13,25 9,5 0,5 0,05
w 13,25 8,5 0,5 0,05
w 13 7,5 1 0,1
w 13,5 8,25 0,05 0,5
w 13,5 7,75 0,05 0,5
w 14 7,5 1 0,1
w 14,5 8,25 0,05 0,5
w 14,5 7,75 0,05 0,5
w 13,75 9,5 0,5 0,05
w 13,75 8,5 0,5 0,05
w 14,25 9,5 0,5 0,05
w 14,25 8,5 0,5 0,05
w 14,5 10,25 0,05 0,5
w 14,5 9,75 0,05 0,5
w 14 11,5 1 0,1
w 14,5 11,25 0,05 0,5
w 14,5 10,75 0,05 0,5
w 15 11,5 1 0,1
w 14,75 9,5 0,5 0,05
w 14,75 8,5 0,5 0,05
w 15,25 9,5 0,5 0,05
w 15,25 8,5 0,5 0,05
w 15 7,5 1 0,1
w 16,5 8 0,1 1
w 16 7,5 1 0,1
w 16,5 9 0,1 1
w 15,75 9,5 0,5 0,05
w 15,75 8,5 0,5 0,05
w 16,25 9,5 0,5 0,05
w 16,25 8,5 0,5 0,05
w 16,5 10 0,1 1
w 16,5 11 0,1 1
w 16 11,5 1 0,1
b 34
w 6,5 15 0,1 1
w 7 15,5 1 0,1
w 6,5 14 0,1 1
w 6,5 13 0,1 1
w 6,75 13,5 0,5 0,05
w 6,75 12,5 0,5 0,05
w 7,25 13,5 0,5 0,05
w 7,25 12,5 0,5 0,05
w 6,5 12 0,1 1
w 7 11,5 1 0,1
w 8 11,5 1 0,1
w 8,5 12,25 0,05 0,5
w 8,5 11,75 0,05 0,5
w 7,75 13,5 0,5 0,05
w 7,75 12,5 0,5 0,05
w 8,25 13,5 0,5 0,05
w 8,25 12,5 0,5 0,05
w 8,5 14,25 0,05 0,5
w 8,5 13,75 0,05 0,5
w 8 15,5 1 0,1
w 8,5 15,25 0,05 0,5
w 8,5 14,75 0,05 0,5
w 9 15,5 1 0,1
w 8,75 13,5 0,5 0,05
w 8,75 12,5 0,5 0,05
w 9,25 13,5 0,5 0,05
w 9,25 12,5 0,5 0,05
w 9 11,5 1 0,1
w 10 11,5 1 0,1
w 10,5 12,25 0,05 0,5
w 10,5 11,75 0,05 0,5
w 9,75 13,5 0,5 0,05
w 9,75 12,5 0,5 0,05
w 10,25 13,5 0,5 0,05
w 10,25 12,5 0,5 0,05
w 10,5 14,25 0,05 0,5
w 10,5 13,75 0,05 0,5
w 10,5 15 0,1 1
w 10 15,5 1 0,1
w 10,5 15,25 0,05 0,5
w 10,5 14,75 0,05 0,5
w 11 14,5 1 0,1
w 10,75 13,5 0,5 0,05
w 10,75 12,5 0,5 0,05
w 11,25 13,5 0,5 0,05
w 11,25 12,5 0,5 0,05
w 11 11,5 1 0,1
w 12 11,5 1 0,1
w 11,75 13,5 0,5 0,05
w 11,75 12,5 0,5 0,05
w 12,25 13,5 0,5 0,05
w 12,25 12,5 0,5 0,05
w 12 14,5 1 0,1
w 13 14,5 1 0,1
w 13,5 14,25 0,05 0,5
w 13,5 13,75 0,05 0,5
w 12,75 13,5 0,5 0,05
w 12,75 12,5 0,5 0,05
w 13,25 13,5 0,5 0,05
w 13,25 12,5 0,5 0,05
w 13 11,5 1 0,1
w 13,5 12,25 0,05 0,5
w 13,5 11,75 0,05 0,5
w 14 11,5 1 0,1
w 13,75 13,5 0,5 0,05
w 13,75 12,5 0,5 0,05
w 14,25 13,5 0,5 0,05
w 14,25 12,5 0,5 0,05
w 14 14,5 1 0,1
w 15 14,5 1 0,1
w 14,75 13,5 0,5 0,05
w 14,75 12,5 0,5 0,05
w 15,25 13,5 0,5 0,05
w 15,25 12,5 0,5 0,05
w 15 11,5 1 0,1
w 16,5 12 0,1 1
w 16 11,5 1 0,1
w 16,5 13 0,1 1
w 15,75 13,5 0,5 0,05
w 15,75 12,5 0,5 0,05
w 16,25 13,5 0,5 0,05
w 16,25 12,5 0,5 0,05
w 16,5 14 0,1 1
w 16 14,5 1 0,1
b 35
w -0,5 20 0,1 1
w 0 19,5 1 0,1
w -0,5 21 0,1 1
w -0,25 21,5 0,5 0,05
w -0,25 20,5 0,5 0,05
w 0,25 21,5 0,5 0,05
w 0,25 20,5 0,5 0,05
w -0,5 22 0,1 1
w 0 22,5 1 0,1
w 1 22,5 1 0,1
w 0,75 21,5 0,5 0,05
w 0,75 20,5 0,5 0,05
w 1,25 21,5 0,5 0,05
w 1,25 20,5 0,5 0,05
w 1 19,5 1 0,1
w 2 19,5 1 0,1
w 1,75 21,5 0,5 0,05
w 1,75 20,5 0,5 0,05
w 2,25 21,5 0,5 0,05
w 2,25 20,5 0,5 0,05
w 2 22,5 1 0,1
w 3 22,5 1 0,1
w 2,75 21,5 0,5 0,05
w 2,75 20,5 0,5 0,05
w 3,25 21,5 0,5 0,05
w 3,25 20,5 0,5 0,05
w 3 19,5 1 0,1
w 4 19,5 1 0,1
w 3,75 21,5 0,5 0,05
w 3,75 20,5 0,5 0,05
w 4,25 21,5 0,5 0,05
w 4,25 20,5 0,5 0,05
w 4 22,5 1 0,1
w 5,5 22 0,1 1
w 5 22,5 1 0,1
w 5,5 21 0,1 1
w 4,75 21,5 0,5 0,05
w 4,75 20,5 0,5 0,05
w 5,25 21,5 0,5 0,05
w 5,25 20,5 0,5 0,05
w 5,5 20 0,1 1
w 5 19,5 1 0,1
b 36
w 10,5 28 0,1 1
w 9,5 28 0,1 1
w 10 27,5 1 0,1
w 10,5 29 0,1 1
w 9,5 29 0,1 1
w 10,5 30 0,1 1
w 9,5 30 0,1 1
w 10 30,5 1 0,1
b 37
w 5,5 40 0,1 1
w 6 39,5 1 0,1
w 5,5 40,25 0,05 0,5
w 5,5 39,75 0,05 0,5
w 6,5 40,25 0,05 0,5
w 6,5 39,75 0,05 0,5
w 5,5 41 0,1 1
w 5,5 41,25 0,05 0,5
w 5,5 40,75 0,05 0,5
w 6,5 41,25 0,05 0,5
w 6,5 40,75 0,05 0,5
w 5,5 42 0,1 1
w 6 42,5 1 0,1
w 5,5 42,25 0,05 0,5
w 5,5 41,75 0,05 0,5
w 6,5 42,25 0,05 0,5
w 6,5 41,75 0,05 0,5
w 7,5 42 0,1 1
w 7 42,5 1 0,1
w 7,5 41 0,1 1
w 7,5 40 0,1 1
w 7 39,5 1 0,1
b 38
w 7,5 39 0,1 1
w 8 38,5 1 0,1
w 7,5 40 0,1 1
w 7,75 40,5 0,5 0,05
w 8,25 40,5 0,5 0,05
w 7,5 41 0,1 1
w 7,5 42 0,1 1
w 8 42,5 1 0,1
w 9 42,5 1 0,1
w 8,5 42,25 0,05 0,5
w 8,5 41,75 0,05 0,5
w 9,5 42,25 0,05 0,5
w 9,5 41,75 0,05 0,5
w 8,5 41,25 0,05 0,5
w 8,5 40,75 0,05 0,5
w 9,5 41,25 0,05 0,5
w 9,5 40,75 0,05 0,5
w 8,5 40,25 0,05 0,5
w 8,5 39,75 0,05 0,5
w 9,5 40,25 0,05 0,5
w 9,5 39,75 0,05 0,5
w 9 38,5 1 0,1
w 8,5 39,25 0,05 0,5
w 8,5 38,75 0,05 0,5
w 9,5 39,25 0,05 0,5
w 9,5 38,75 0,05 0,5
w 10,5 39 0,1 1
w 10 38,5 1 0,1
w 10,5 40 0,1 1
w 9,75 40,5 0,5 0,05
w 10,25 40,5 0,5 0,05
w 10,5 41 0,1 1
w 10,5 42 0,1 1
w 10 42,5 1 0,1
b 39
w 13,5 32 0,1 1
w 14 31,5 1 0,1
w 13,5 33 0,1 1
w 13,75 33,5 0,5 0,05
w 13,75 32,5 0,5 0,05
w 14,25 33,5 0,5 0,05
w 14,25 32,5 0,5 0,05
w 13,5 34 0,1 1
w 13,5 35 0,1 1
w 14 35,5 1 0,1
w 15 35,5 1 0,1
w 14,75 33,5 0,5 0,05
w 14,75 32,5 0,5 0,05
w 15,25 33,5 0,5 0,05
w 15,25 32,5 0,5 0,05
w 15 31,5 1 0,1
w 16 31,5 1 0,1
w 15,75 33,5 0,5 0,05
w 15,75 32,5 0,5 0,05
w 16,25 33,5 0,5 0,05
w 16,25 32,5 0,5 0,05
w 16 35,5 1 0,1
w 17 35,5 1 0,1
w 16,75 33,5 0,5 0,05
w 16,75 32,5 0,5 0,05
w 17,25 33,5 0,5 0,05
w 17,25 32,5 0,5 0,05
w 17 31,5 1 0,1
w 18 31,5 1 0,1
w 17,75 33,5 0,5 0,05
w 17,75 32,5 0,5 0,05
w 18,25 33,5 0,5 0,05
w 18,25 32,5 0,5 0,05
w 18 35,5 1 0,1
w 19 35,5 1 0,1
w 19,5 35,25 0,05 0,5
w 19,5 34,75 0,05 0,5
w 19,5 34,25 0,05 0,5
w 19,5 33,75 0,05 0,5
w 18,75 33,5 0,5 0,05
w 18,75 32,5 0,5 0,05
w 19,25 33,5 0,5 0,05
w 19,25 32,5 0,5 0,05
w 19 31,5 1 0,1
w 19,5 32,25 0,05 0,5
w 19,5 31,75 0,05 0,5
w 20 31,5 1 0,1
w 19,75 33,5 0,5 0,05
w 19,75 32,5 0,5 0,05
w 20,25 33,5 0,5 0,05
w 20,25 32,5 0,5 0,05
w 20 35,5 1 0,1
w 21 35,5 1 0,1
w 20,75 33,5 0,5 0,05
w 20,75 32,5 0,5 0,05
w 21,25 33,5 0,5 0,05
w 21,25 32,5 0,5 0,05
w 21 31,5 1 0,1
w 22,5 32 0,1 1
w 22 31,5 1 0,1
w 22,5 33 0,1 1
w 21,75 33,5 0,5 0,05
w 21,75 32,5 0,5 0,05
w 22,25 33,5 0,5 0,05
w 22,25 32,5 0,5 0,05
w 22,5 34 0,1 1
w 22,5 35 0,1 1
w 22 35,5 1 0,1
b 40
w -0,5 36 0,1 1
w 0 35,5 1 0,1
w -0,5 37 0,1 1
w -0,25 37,5 0,5 0,05
w -0,25 36,5 0,5 0,05
w 0,25 37,5 0,5 0,05
w 0,25 36,5 0,5 0,05
w -0,5 38 0,1 1
w -0,5 39 0,1 1
w 0 39,5 1 0,1
w 1 39,5 1 0,1
w 0,75 37,5 0,5 0,05
w 0,75 36,5 0,5 0,05
w 1,25 37,5 0,5 0,05
w 1,25 36,5 0,5 0,05
w 1 35,5 1 0,1
w 2 35,5 1 0,1
w 1,75 37,5 0,5 0,05
w 1,75 36,5 0,5 0,05
w 2,25 37,5 0,5 0,05
w 2,25 36,5 0,5 0,05
w 2 39,5 1 0,1
w 3 39,5 1 0,1
w 2,75 37,5 0,5 0,05
w 2,75 36,5 0,5 0,05
w 3,25 37,5 0,5 0,05
w 3,25 36,5 0,5 0,05
w 3 35,5 1 0,1
w 4,5 36 0,1 1
w 4 35,5 1 0,1
w 4,5 37 0,1 1
w 3,75 37,5 0,5 0,05
w 3,75 36,5 0,5 0,05
w 4,25 37,5 0,5 0,05
w 4,25 36,5 0,5 0,05
w 4,5 38 0,1 1
w 4,5 39 0,1 1
w 4 39,5 1 0,1
b 41
w -0,5 44 0,1 1
w 0 43,5 1 0,1
w -0,5 45 0,1 1
w -0,5 46 0,1 1
w -0,25 46,5 0,5 0,05
w -0,25 45,5 0,5 0,05
w 0,25 46,5 0,5 0,05
w 0,25 45,5 0,5 0,05
w -0,5 47 0,1 1
w -0,5 48 0,1 1
w -0,5 49 0,1 1
w 0 49,5 1 0,1
w 1 49,5 1 0,1
w 0,75 46,5 0,5 0,05
w 0,75 45,5 0,5 0,05
w 1,25 46,5 0,5 0,05
w 1,25 45,5 0,5 0,05
w 1 43,5 1 0,1
w 2 43,5 1 0,1
w 2,5 44,25 0,05 0,5
w 2,5 43,75 0,05 0,5
w 2,5 45,25 0,05 0,5
w 2,5 44,75 0,05 0,5
w 1,75 46,5 0,5 0,05
w 1,75 45,5 0,5 0,05
w 2,25 46,5 0,5 0,05
w 2,25 45,5 0,5 0,05
w 2,5 47,25 0,05 0,5
w 2,5 46,75 0,05 0,5
w 2,5 48,25 0,05 0,5
w 2,5 47,75 0,05 0,5
w 2 49,5 1 0,1
w 2,5 49,25 0,05 0,5
w 2,5 48,75 0,05 0,5
w 3 49,5 1 0,1
w 2,75 46,5 0,5 0,05
w 2,75 45,5 0,5 0,05
w 3,25 46,5 0,5 0,05
w 3,25 45,5 0,5 0,05
w 3 43,5 1 0,1
w 4 43,5 1 0,1
w 3,75 46,5 0,5 0,05
w 3,75 45,5 0,5 0,05
w 4,25 46,5 0,5 0,05
w 4,25 45,5 0,5 0,05
w 4 49,5 1 0,1
w 5,5 49 0,1 1
w 5 49,5 1 0,1
w 5,5 48 0,1 1
w 5,5 47 0,1 1
w 5,5 46 0,1 1
w 4,75 46,5 0,5 0,05
w 4,75 45,5 0,5 0,05
w 5,25 46,5 0,5 0,05
w 5,25 45,5 0,5 0,05
w 5,5 45 0,1 1
w 5,5 44 0,1 1
w 5 43,5 1 0,1
b 42
w 17,5 11 0,1 1
w 18 10,5 1 0,1
w 17,5 11,25 0,05 0,5
w 17,5 10,75 0,05 0,5
w 18,5 11,25 0,05 0,5
w 18,5 10,75 0,05 0,5
w 17,5 12 0,1 1
w 17,5 12,25 0,05 0,5
w 17,5 11,75 0,05 0,5
w 18,5 12,25 0,05 0,5
w 18,5 11,75 0,05 0,5
w 17,5 13 0,1 1
w 17,5 13,25 0,05 0,5
w 17,5 12,75 0,05 0,5
w 18,5 13,25 0,05 0,5
w 18,5 12,75 0,05 0,5
w 17,5 14 0,1 1
w 18 14,5 1 0,1
w 17,5 14,25 0,05 0,5
w 17,5 13,75 0,05 0,5
w 18,5 14,25 0,05 0,5
w 18,5 13,75 0,05 0,5
w 19,5 14 0,1 1
w 19 14,5 1 0,1
w 19,5 13 0,1 1
w 19,5 12 0,1 1
w 19,5 11 0,1 1
w 19 10,5 1 0,1
b 43
w 19,5 4 0,1 1
w 20 3,5 1 0,1
w 19,5 5 0,1 1
w 19,75 5,5 0,5 0,05
w 19,75 4,5 0,5 0,05
w 20,25 5,5 0,5 0,05
w 20,25 4,5 0,5 0,05
w 19,5 6 0,1 1
w 19,5 7 0,1 1
w 20 7,5 1 0,1
w 21 7,5 1 0,1
w 20,75 5,5 0,5 0,05
w 20,75 4,5 0,5 0,05
w 21,25 5,5 0,5 0,05
w 21,25 4,5 0,5 0,05
w 21 3,5 1 0,1
w 22 3,5 1 0,1
w 22,5 4,25 0,05 0,5
w 22,5 3,75 0,05 0,5
w 21,75 5,5 0,5 0,05
w 21,75 4,5 0,5 0,05
w 22,25 5,5 0,5 0,05
w 22,25 4,5 0,5 0,05
w 22,5 6,25 0,05 0,5
w 22,5 5,75 0,05 0,5
w 22 7,5 1 0,1
w 22,5 7,25 0,05 0,5
w 22,5 6,75 0,05 0,5
w 23 7,5 1 0,1
w 22,75 5,5 0,5 0,05
w 22,75 4,5 0,5 0,05
w 23,25 5,5 0,5 0,05
w 23,25 4,5 0,5 0,05
w 23 3,5 1 0,1
w 24 3,5 1 0,1
w 23,75 5,5 0,5 0,05
w 23,75 4,5 0,5 0,05
w 24,25 5,5 0,5 0,05
w 24,25 4,5 0,5 0,05
w 24 7,5 1 0,1
w 25 7,5 1 0,1
w 25,5 7,25 0,05 0,5
w 25,5 6,75 0,05 0,5
w 25,5 6,25 0,05 0,5
w 25,5 5,75 0,05 0,5
w 24,75 5,5 0,5 0,05
w 24,75 4,5 0,5 0,05
w 25,25 5,5 0,5 0,05
w 25,25 4,5 0,5 0,05
w 25 3,5 1 0,1
w 25,5 4,25 0,05 0,5
w 25,5 3,75 0,05 0,5
w 26 3,5 1 0,1
w 25,75 5,5 0,5 0,05
w 25,75 4,5 0,5 0,05
w 26,25 5,5 0,5 0,05
w 26,25 4,5 0,5 0,05
w 26 7,5 1 0,1
w 27 7,5 1 0,1
w 26,75 5,5 0,5 0,05
w 26,75 4,5 0,5 0,05
w 27,25 5,5 0,5 0,05
w 27,25 4,5 0,5 0,05
w 27 3,5 1 0,1
w 28,5 4 0,1 1
w 28 3,5 1 0,1
w 28,5 5 0,1 1
w 27,75 5,5 0,5 0,05
w 27,75 4,5 0,5 0,05
w 28,25 5,5 0,5 0,05
w 28,25 4,5 0,5 0,05
w 28,5 6 0,1 1
w 28,5 7 0,1 1
w 28 7,5 1 0,1
b 44
w 19,5 8 0,1 1
w 20 7,5 1 0,1
w 19,5 9 0,1 1
w 19,75 9,5 0,5 0,05
w 19,75 8,5 0,5 0,05
w 20,25 9,5 0,5 0,05
w 20,25 8,5 0,5 0,05
w 19,5 10 0,1 1
w 19,5 11 0,1 1
w 20 11,5 1 0,1
w 21 11,5 1 0,1
w 21,5 11,25 0,05 0,5
w 21,5 10,75 0,05 0,5
w 21,5 10,25 0,05 0,5
w 21,5 9,75 0,05 0,5
w 20,75 9,5 0,5 0,05
w 20,75 8,5 0,5 0,05
w 21,25 9,5 0,5 0,05
w 21,25 8,5 0,5 0,05
w 21 7,5 1 0,1
w 21,5 8,25 0,05 0,5
w 21,5 7,75 0,05 0,5
w 22 7,5 1 0,1
w 21,75 9,5 0,5 0,05
w 21,75 8,5 0,5 0,05
w 22,25 9,5 0,5 0,05
w 22,25 8,5 0,5 0,05
w 22 11,5 1 0,1
w 23 11,5 1 0,1
w 22,75 9,5 0,5 0,05
w 22,75 8,5 0,5 0,05
w 23,25 9,5 0,5 0,05
w 23,25 8,5 0,5 0,05
w 23 7,5 1 0,1
w 24 7,5 1 0,1
w 23,75 9,5 0,5 0,05
w 23,75 8,5 0,5 0,05
w 24,25 9,5 0,5 0,05
w 24,25 8,5 0,5 0,05
w 24 11,5 1 0,1
w 25 11,5 1 0,1
w 24,75 9,5 0,5 0,05
w 24,75 8,5 0,5 0,05
w 25,25 9,5 0,5 0,05
w 25,25 8,5 0,5 0,05
w 25 7,5 1 0,1
w 26 7,5 1 0,1
w 25,75 9,5 0,5 0,05
w 25,75 8,5 0,5 0,05
w 26,25 9,5 0,5 0,05
w 26,25 8,5 0,5 0,05
w 26 11,5 1 0,1
w 27 11,5 1 0,1
w 26,75 9,5 0,5 0,05
w 26,75 8,5 0,5 0,05
w 27,25 9,5 0,5 0,05
w 27,25 8,5 0,5 0,05
w 27 7,5 1 0,1
w 28,5 8 0,1 1
w 28 7,5 1 0,1
w 28,5 9 0,1 1
w 27,75 9,5 0,5 0,05
w 27,75 8,5 0,5 0,05
w 28,25 9,5 0,5 0,05
w 28,25 8,5 0,5 0,05
w 28,5 10 0,1 1
w 28,5 11 0,1 1
w 28 11,5 1 0,1
b 45
w 32,5 28 0,1 1
w 33 27,5 1 0,1
w 32,5 29 0,1 1
w 32,75 29,5 0,5 0,05
w 32,75 28,5 0,5 0,05
w 33,25 29,5 0,5 0,05
w 33,25 28,5 0,5 0,05
w 32,5 30 0,1 1
w 33 30,5 1 0,1
w 34 30,5 1 0,1
w 33,75 29,5 0,5 0,05
w 33,75 28,5 0,5 0,05
w 34,25 29,5 0,5 0,05
w 34,25 28,5 0,5 0,05
w 34 27,5 1 0,1
w 35 27,5 1 0,1
w 35,5 28,25 0,05 0,5
w 35,5 27,75 0,05 0,5
w 34,75 29,5 0,5 0,05
w 34,75 28,5 0,5 0,05
w 35,25 29,5 0,5 0,05
w 35,25 28,5 0,5 0,05
w 35 30,5 1 0,1
w 35,5 30,25 0,05 0,5
w 35,5 29,75 0,05 0,5
w 36 30,5 1 0,1
w 35,75 29,5 0,5 0,05
w 35,75 28,5 0,5 0,05
w 36,25 29,5 0,5 0,05
w 36,25 28,5 0,5 0,05
w 36 27,5 1 0,1
w 37 27,5 1 0,1
w 36,75 29,5 0,5 0,05
w 36,75 28,5 0,5 0,05
w 37,25 29,5 0,5 0,05
w 37,25 28,5 0,5 0,05
w 37 30,5 1 0,1
w 38 30,5 1 0,1
w 38,5 30,25 0,05 0,5
w 38,5 29,75 0,05 0,5
w 37,75 29,5 0,5 0,05
w 37,75 28,5 0,5 0,05
w 38,25 29,5 0,5 0,05
w 38,25 28,5 0,5 0,05
w 38 27,5 1 0,1
w 38,5 28,25 0,05 0,5
w 38,5 27,75 0,05 0,5
w 39 27,5 1 0,1
w 38,75 29,5 0,5 0,05
w 38,75 28,5 0,5 0,05
w 39,25 29,5 0,5 0,05
w 39,25 28,5 0,5 0,05
w 39 30,5 1 0,1
w 40,5 30 0,1 1
w 40 30,5 1 0,1
w 40,5 29 0,1 1
w 39,75 29,5 0,5 0,05
w 39,75 28,5 0,5 0,05
w 40,25 29,5 0,5 0,05
w 40,25 28,5 0,5 0,05
w 40,5 28 0,1 1
w 40 27,5 1 0,1
b 46
w 20,5 49 0,1 1
w 21 49,5 1 0,1
w 20,5 49,25 0,05 0,5
w 20,5 48,75 0,05 0,5
w 21,5 49,25 0,05 0,5
w 21,5 48,75 0,05 0,5
w 20,5 48 0,1 1
w 20,5 48,25 0,05 0,5
w 20,5 47,75 0,05 0,5
w 21,5 48,25 0,05 0,5
w 21,5 47,75 0,05 0,5
w 20,5 47 0,1 1
w 20,5 47,25 0,05 0,5
w 20,5 46,75 0,05 0,5
w 21,5 47,25 0,05 0,5
w 21,5 46,75 0,05 0,5
w 20,5 46 0,1 1
w 20,5 46,25 0,05 0,5
w 20,5 45,75 0,05 0,5
w 21,5 46,25 0,05 0,5
w 21,5 45,75 0,05 0,5
w 20,5 45 0,1 1
w 20,5 45,25 0,05 0,5
w 20,5 44,75 0,05 0,5
w 21,5 45,25 0,05 0,5
w 21,5 44,75 0,05 0,5
w 20,5 44 0,1 1
w 21 43,5 1 0,1
w 20,5 44,25 0,05 0,5
w 20,5 43,75 0,05 0,5
w 21,5 44,25 0,05 0,5
w 21,5 43,75 0,05 0,5
w 22,5 44 0,1 1
w 22 43,5 1 0,1
w 22,5 45 0,1 1
w 22,5 46 0,1 1
w 22,5 47 0,1 1
w 22,5 48 0,1 1
w 22,5 49 0,1 1
w 22 49,5 1 0,1
b 47
w 37,5 40 0,1 1
w 38 39,5 1 0,1
w 37,5 41 0,1 1
w 37,75 41,5 0,5 0,05
w 37,75 40,5 0,5 0,05
w 38,25 41,5 0,5 0,05
w 38,25 40,5 0,5 0,05
w 37,5 42 0,1 1
w 38 42,5 1 0,1
w 39 42,5 1 0,1
w 38,75 41,5 0,5 0,05
w 38,75 40,5 0,5 0,05
w 39,25 41,5 0,5 0,05
w 39,25 40,5 0,5 0,05
w 39 39,5 1 0,1
w 40,5 40 0,1 1
w 40 39,5 1 0,1
w 40,5 41 0,1 1
w 39,75 41,5 0,5 0,05
w 39,75 40,5 0,5 0,05
w 40,25 41,5 0,5 0,05
w 40,25 40,5 0,5 0,05
w 40,5 42 0,1 1
w 40 42,5 1 0,1
b 48
w 29,5 0 0,1 1
w 30 -0,5 1 0,1
w 29,5 1 0,1 1
w 29,75 1,5 0,5 0,05
w 29,75 0,5 0,5 0,05
w 30,25 1,5 0,5 0,05
w 30,25 0,5 0,5 0,05
w 29,5 2 0,1 1
w 30 2,5 1 0,1
w 31 2,5 1 0,1
w 30,75 1,5 0,5 0,05
w 30,75 0,5 0,5 0,05
w 31,25 1,5 0,5 0,05
w 31,25 0,5 0,5 0,05
w 31 -0,5 1 0,1
w 32 -0,5 1 0,1
w 32,5 0,25 0,05 0,5
w 32,5 -0,25 0,05 0,5
w 31,75 1,5 0,5 0,05
w 31,75 0,5 0,5 0,05
w 32,25 1,5 0,5 0,05
w 32,25 0,5 0,5 0,05
w 32 2,5 1 0,1
w 32,5 2,25 0,05 0,5
w 32,5 1,75 0,05 0,5
w 33 2,5 1 0,1
w 32,75 1,5 0,5 0,05
w 32,75 0,5 0,5 0,05
w 33,25 1,5 0,5 0,05
w 33,25 0,5 0,5 0,05
w 33 -0,5 1 0,1
w 34 -0,5 1 0,1
w 33,75 1,5 0,5 0,05
w 33,75 0,5 0,5 0,05
w 34,25 1,5 0,5 0,05
w 34,25 0,5 0,5 0,05
w 34 2,5 1 0,1
w 35,5 2 0,1 1
w 35 2,5 1 0,1
w 35,5 1 0,1 1
w 34,75 1,5 0,5 0,05
w 34,75 0,5 0,5 0,05
w 35,25 1,5 0,5 0,05
w 35,25 0,5 0,5 0,05
w 35,5 0 0,1 1
w 35 -0,5 1 0,1
b 49
w 35,5 10 0,1 1
w 36 9,5 1 0,1
w 35,5 11 0,1 1
w 35,5 12 0,1 1
w 35,75 12,5 0,5 0,05
w 35,75 11,5 0,5 0,05
w 36,25 12,5 0,5 0,05
w 36,25 11,5 0,5 0,05
w 35,5 13 0,1 1
w 35,5 14 0,1 1
w 36 14,5 1 0,1
w 37 14,5 1 0,1
w 36,75 12,5 0,5 0,05
w 36,75 11,5 0,5 0,05
w 37,25 12,5 0,5 0,05
w 37,25 11,5 0,5 0,05
w 37 9,5 1 0,1
w 38 9,5 1 0,1
w 38,5 10,25 0,05 0,5
w 38,5 9,75 0,05 0,5
w 38,5 11,25 0,05 0,5
w 38,5 10,75 0,05 0,5
w 37,75 12,5 0,5 0,05
w 37,75 11,5 0,5 0,05
w 38,25 12,5 0,5 0,05
w 38,25 11,5 0,5 0,05
w 38,5 13,25 0,05 0,5
w 38,5 12,75 0,05 0,5
w 38 14,5 1 0,1
w 38,5 14,25 0,05 0,5
w 38,5 13,75 0,05 0,5
w 39 14,5 1 0,1
w 39,5 14,25 0,05 0,5
w 39,5 13,75 0,05 0,5
w 39,5 13,25 0,05 0,5
w 39,5 12,75 0,05 0,5
w 38,75 12,5 0,5 0,05
w 38,75 11,5 0,5 0,05
w 39,25 12,5 0,5 0,05
w 39,25 11,5 0,5 0,05
w 39,5 11,25 0,05 0,5
w 39,5 10,75 0,05 0,5
w 39 9,5 1 0,1
w 39,5 10,25 0,05 0,5
w 39,5 9,75 0,05 0,5
w 40 9,5 1 0,1
w 40,5 11 0,1 1
w 40,5 12 0,1 1
w 39,75 12,5 0,5 0,05
w 39,75 11,5 0,5 0,05
w 40,25 12,5 0,5 0,05
w 40,25 11,5 0,5 0,05
w 40,5 13 0,1 1
w 40,5 14 0,1 1
w 40 14,5 1 0,1
w 41,5 10 0,1 1
w 41 10,5 1 0,1
w 41 9,5 1 0,1
b 50
w 41,5 3 0,1 1
w 42 3,5 1 0,1
w 41,5 2 0,1 1
w 41,5 1 0,1 1
w 41,75 1,5 0,5 0,05
w 41,75 0,5 0,5 0,05
w 42,25 1,5 0,5 0,05
w 42,25 0,5 0,5 0,05
w 41,5 0 0,1 1
w 42 -0,5 1 0,1
w 43 -0,5 1 0,1
w 42,75 1,5 0,5 0,05
w 42,75 0,5 0,5 0,05
w 43,25 1,5 0,5 0,05
w 43,25 0,5 0,5 0,05
w 43 3,5 1 0,1
w 44 3,5 1 0,1
w 43,75 1,5 0,5 0,05
w 43,75 0,5 0,5 0,05
w 44,25 1,5 0,5 0,05
w 44,25 0,5 0,5 0,05
w 44 -0,5 1 0,1
w 45 -0,5 1 0,1
w 44,75 1,5 0,5 0,05
w 44,75 0,5 0,5 0,05
w 45,25 1,5 0,5 0,05
w 45,25 0,5 0,5 0,05
w 45 3,5 1 0,1
w 47 3,5 1 0,1
w 46 3,5 1 0,1
w 45,75 1,5 0,5 0,05
w 45,75 0,5 0,5 0,05
w 46,25 1,5 0,5 0,05
w 46,25 0,5 0,5 0,05
w 46 -0,5 1 0,1
w 47 -0,5 1 0,1
w 46,75 1,5 0,5 0,05
w 46,75 0,5 0,5 0,05
w 47,25 1,5 0,5 0,05
w 47,25 0,5 0,5 0,05
w 48 3,5 1 0,1
w 49,5 3 0,1 1
w 49 3,5 1 0,1
w 49,5 2 0,1 1
w 49,5 1 0,1 1
w 48,75 1,5 0,5 0,05
w 48,75 0,5 0,5 0,05
w 49,25 1,5 0,5 0,05
w 49,25 0,5 0,5 0,05
w 49,5 0 0,1 1
w 49 -0,5 1 0,1
w 48 -0,5 1 0,1
w 47,75 1,5 0,5 0,05
w 47,75 0,5 0,5 0,05
w 48,25 1,5 0,5 0,05
w 48,25 0,5 0,5 0,05
b 51
w 43 7,5 1 0,1
w 41,5 7 0,1 1
w 42 7,5 1 0,1
w 41,5 6 0,1 1
w 41,5 5 0,1 1
w 41,75 5,5 0,5 0,05
w 41,75 4,5 0,5 0,05
w 42,25 5,5 0,5 0,05
w 42,25 4,5 0,5 0,05
w 41,5 4 0,1 1
w 42 3,5 1 0,1
w 43 3,5 1 0,1
w 42,75 5,5 0,5 0,05
w 42,75 4,5 0,5 0,05
w 43,25 5,5 0,5 0,05
w 43,25 4,5 0,5 0,05
w 44 7,5 1 0,1
w 45 7,5 1 0,1
w 44,75 5,5 0,5 0,05
w 44,75 4,5 0,5 0,05
w 45,25 5,5 0,5 0,05
w 45,25 4,5 0,5 0,05
w 43,75 5,5 0,5 0,05
w 43,75 4,5 0,5 0,05
w 44,25 5,5 0,5 0,05
w 44,25 4,5 0,5 0,05
w 44 3,5 1 0,1
w 45 3,5 1 0,1
w 46 3,5 1 0,1
w 45,75 5,5 0,5 0,05
w 45,75 4,5 0,5 0,05
w 46,25 5,5 0,5 0,05
w 46,25 4,5 0,5 0,05
w 46 7,5 1 0,1
w 47 7,5 1 0,1
w 46,75 5,5 0,5 0,05
w 46,75 4,5 0,5 0,05
w 47,25 5,5 0,5 0,05
w 47,25 4,5 0,5 0,05
w 47 3,5 1 0,1
w 48 3,5 1 0,1
w 47,75 5,5 0,5 0,05
w 47,75 4,5 0,5 0,05
w 48,25 5,5 0,5 0,05
w 48,25 4,5 0,5 0,05
w 48 7,5 1 0,1
w 49,5 7 0,1 1
w 49 7,5 1 0,1
w 49,5 6 0,1 1
w 49,5 5 0,1 1
w 48,75 5,5 0,5 0,05
w 48,75 4,5 0,5 0,05
w 49,25 5,5 0,5 0,05
w 49,25 4,5 0,5 0,05
w 49,5 4 0,1 1
w 49 3,5 1 0,1
b 52
w 41,5 12 0,1 1
w 42 11,5 1 0,1
w 41,5 13 0,1 1
w 41,75 13,5 0,5 0,05
w 41,75 12,5 0,5 0,05
w 42,25 13,5 0,5 0,05
w 42,25 12,5 0,5 0,05
w 41,5 14 0,1 1
w 41,5 15 0,1 1
w 42 15,5 1 0,1
w 43 15,5 1 0,1
w 42,75 13,5 0,5 0,05
w 42,75 12,5 0,5 0,05
w 43,25 13,5 0,5 0,05
w 43,25 12,5 0,5 0,05
w 43 11,5 1 0,1
w 44 11,5 1 0,1
w 43,75 13,5 0,5 0,05
w 43,75 12,5 0,5 0,05
w 44,25 13,5 0,5 0,05
w 44,25 12,5 0,5 0,05
w 44 15,5 1 0,1
w 45 15,5 1 0,1
w 44,75 13,5 0,5 0,05
w 44,75 12,5 0,5 0,05
w 45,25 13,5 0,5 0,05
w 45,25 12,5 0,5 0,05
w 45 11,5 1 0,1
w 46 11,5 1 0,1
w 45,75 13,5 0,5 0,05
w 45,75 12,5 0,5 0,05
w 46,25 13,5 0,5 0,05
w 46,25 12,5 0,5 0,05
w 46 15,5 1 0,1
w 47 15,5 1 0,1
w 46,75 13,5 0,5 0,05
w 46,75 12,5 0,5 0,05
w 47,25 13,5 0,5 0,05
w 47,25 12,5 0,5 0,05
w 47 11,5 1 0,1
w 48 11,5 1 0,1
w 47,75 13,5 0,5 0,05
w 47,75 12,5 0,5 0,05
w 48,25 13,5 0,5 0,05
w 48,25 12,5 0,5 0,05
w 48 15,5 1 0,1
w 49,5 15 0,1 1
w 49 15,5 1 0,1
w 49,5 14 0,1 1
w 49,5 13 0,1 1
w 48,75 13,5 0,5 0,05
w 48,75 12,5 0,5 0,05
w 49,25 13,5 0,5 0,05
w 49,25 12,5 0,5 0,05
w 49,5 12 0,1 1
w 49 11,5 1 0,1
b 53
w 41,5 28 0,1 1
w 42 27,5 1 0,1
w 41,5 29 0,1 1
w 41,75 29,5 0,5 0,05
w 41,75 28,5 0,5 0,05
w 42,25 29,5 0,5 0,05
w 42,25 28,5 0,5 0,05
w 41,5 30 0,1 1
w 41,5 31 0,1 1
w 42 31,5 1 0,1
w 43 31,5 1 0,1
w 42,75 29,5 0,5 0,05
w 42,75 28,5 0,5 0,05
w 43,25 29,5 0,5 0,05
w 43,25 28,5 0,5 0,05
w 43 27,5 1 0,1
w 44 27,5 1 0,1
w 43,75 29,5 0,5 0,05
w 43,75 28,5 0,5 0,05
w 44,25 29,5 0,5 0,05
w 44,25 28,5 0,5 0,05
w 44 31,5 1 0,1
w 45 31,5 1 0,1
w 44,75 29,5 0,5 0,05
w 44,75 28,5 0,5 0,05
w 45,25 29,5 0,5 0,05
w 45,25 28,5 0,5 0,05
w 45 27,5 1 0,1
w 46 27,5 1 0,1
w 46,5 28,25 0,05 0,5
w 46,5 27,75 0,05 0,5
w 45,75 29,5 0,5 0,05
w 45,75 28,5 0,5 0,05
w 46,25 29,5 0,5 0,05
w 46,25 28,5 0,5 0,05
w 46,5 30,25 0,05 0,5
w 46,5 29,75 0,05 0,5
w 46 31,5 1 0,1
w 46,5 31,25 0,05 0,5
w 46,5 30,75 0,05 0,5
w 47 31,5 1 0,1
w 46,75 29,5 0,5 0,05
w 46,75 28,5 0,5 0,05
w 47,25 29,5 0,5 0,05
w 47,25 28,5 0,5 0,05
w 47 27,5 1 0,1
w 48 27,5 1 0,1
w 47,75 29,5 0,5 0,05
w 47,75 28,5 0,5 0,05
w 48,25 29,5 0,5 0,05
w 48,25 28,5 0,5 0,05
w 48 31,5 1 0,1
w 49,5 31 0,1 1
w 49 31,5 1 0,1
w 49,5 30 0,1 1
w 49,5 29 0,1 1
w 48,75 29,5 0,5 0,05
w 48,75 28,5 0,5 0,05
w 49,25 29,5 0,5 0,05
w 49,25 28,5 0,5 0,05
w 49,5 28 0,1 1
w 49 27,5 1 0,1
b 54
w 6,5 12 0,1 1
w 5,5 12 0,1 1
w 6 11,5 1 0,1
w 6,5 13 0,1 1
w 5,5 13 0,1 1
w 6,5 14 0,1 1
w 5,5 14 0,1 1
w 6 14,5 1 0,1
b 55
w -0,5 28 0,1 1
w 0 27,5 1 0,1
w -0,5 29 0,1 1
w -0,25 29,5 0,5 0,05
w -0,25 28,5 0,5 0,05
w 0,25 29,5 0,5 0,05
w 0,25 28,5 0,5 0,05
w -0,5 30 0,1 1
w 0 30,5 1 0,1
w 1 30,5 1 0,1
w 1,5 30,25 0,05 0,5
w 1,5 29,75 0,05 0,5
w 0,75 29,5 0,5 0,05
w 0,75 28,5 0,5 0,05
w 1,25 29,5 0,5 0,05
w 1,25 28,5 0,5 0,05
w 1 27,5 1 0,1
w 1,5 28,25 0,05 0,5
w 1,5 27,75 0,05 0,5
w 2 27,5 1 0,1
w 1,75 29,5 0,5 0,05
w 1,75 28,5 0,5 0,05
w 2,25 29,5 0,5 0,05
w 2,25 28,5 0,5 0,05
w 2 30,5 1 0,1
w 3 30,5 1 0,1
w 2,75 29,5 0,5 0,05
w 2,75 28,5 0,5 0,05
w 3,25 29,5 0,5 0,05
w 3,25 28,5 0,5 0,05
w 3 27,5 1 0,1
w 4 27,5 1 0,1
w 3,75 29,5 0,5 0,05
w 3,75 28,5 0,5 0,05
w 4,25 29,5 0,5 0,05
w 4,25 28,5 0,5 0,05
w 4 30,5 1 0,1
w 5 30,5 1 0,1
w 4,75 29,5 0,5 0,05
w 4,75 28,5 0,5 0,05
w 5,25 29,5 0,5 0,05
w 5,25 28,5 0,5 0,05
w 5 27,5 1 0,1
w 6 27,5 1 0,1
w 5,75 29,5 0,5 0,05
w 5,75 28,5 0,5 0,05
w 6,25 29,5 0,5 0,05
w 6,25 28,5 0,5 0,05
w 6 30,5 1 0,1
w 7 30,5 1 0,1
w 6,75 29,5 0,5 0,05
w 6,75 28,5 0,5 0,05
w 7,25 29,5 0,5 0,05
w 7,25 28,5 0,5 0,05
w 7 27,5 1 0,1
w 8 27,5 1 0,1
w 7,75 29,5 0,5 0,05
w 7,75 28,5 0,5 0,05
w 8,25 29,5 0,5 0,05
w 8,25 28,5 0,5 0,05
w 8 30,5 1 0,1
w 9,5 30 0,1 1
w 9 30,5 1 0,1
w 9,5 29 0,1 1
w 8,75 29,5 0,5 0,05
w 8,75 28,5 0,5 0,05
w 9,25 29,5 0,5 0,05
w 9,25 28,5 0,5 0,05
w 9,5 28 0,1 1
w 9 27,5 1 0,1
b 56
w 9,5 24 0,1 1
w 10 23,5 1 0,1
w 9,5 25 0,1 1
w 9,75 25,5 0,5 0,05
w 9,75 24,5 0,5 0,05
w 10,25 25,5 0,5 0,05
w 10,25 24,5 0,5 0,05
w 9,5 26 0,1 1
w 10,5 27 0,1 1
w 9,5 27 0,1 1
w 10 27,5 1 0,1
w 11 26,5 1 0,1
w 10,75 25,5 0,5 0,05
w 10,75 24,5 0,5 0,05
w 11,25 25,5 0,5 0,05
w 11,25 24,5 0,5 0,05
w 11 23,5 1 0,1
w 12 23,5 1 0,1
w 11,75 25,5 0,5 0,05
w 11,75 24,5 0,5 0,05
w 12,25 25,5 0,5 0,05
w 12,25 24,5 0,5 0,05
w 12 26,5 1 0,1
w 13 26,5 1 0,1
w 12,75 25,5 0,5 0,05
w 12,75 24,5 0,5 0,05
w 13,25 25,5 0,5 0,05
w 13,25 24,5 0,5 0,05
w 13 23,5 1 0,1
w 14 23,5 1 0,1
w 13,75 25,5 0,5 0,05
w 13,75 24,5 0,5 0,05
w 14,25 25,5 0,5 0,05
w 14,25 24,5 0,5 0,05
w 14 26,5 1 0,1
w 15,5 26 0,1 1
w 15 26,5 1 0,1
w 15,5 25 0,1 1
w 14,75 25,5 0,5 0,05
w 14,75 24,5 0,5 0,05
w 15,25 25,5 0,5 0,05
w 15,25 24,5 0,5 0,05
w 15,5 24 0,1 1
w 15 23,5 1 0,1
b 57
w -0,5 32 0,1 1
w 0 31,5 1 0,1
w -0,5 33 0,1 1
w -0,25 33,5 0,5 0,05
w -0,25 32,5 0,5 0,05
w 0,25 33,5 0,5 0,05
w 0,25 32,5 0,5 0,05
w -0,5 34 0,1 1
w 0 34,5 1 0,1
w 1 34,5 1 0,1
w 0,75 33,5 0,5 0,05
w 0,75 32,5 0,5 0,05
w 1,25 33,5 0,5 0,05
w 1,25 32,5 0,5 0,05
w 1 31,5 1 0,1
w 2 31,5 1 0,1
w 2,5 32,25 0,05 0,5
w 2,5 31,75 0,05 0,5
w 1,75 33,5 0,5 0,05
w 1,75 32,5 0,5 0,05
w 2,25 33,5 0,5 0,05
w 2,25 32,5 0,5 0,05
w 2 34,5 1 0,1
w 2,5 34,25 0,05 0,5
w 2,5 33,75 0,05 0,5
w 3 34,5 1 0,1
w 3,5 34,25 0,05 0,5
w 3,5 33,75 0,05 0,5
w 2,75 33,5 0,5 0,05
w 2,75 32,5 0,5 0,05
w 3,25 33,5 0,5 0,05
w 3,25 32,5 0,5 0,05
w 3 31,5 1 0,1
w 3,5 32,25 0,05 0,5
w 3,5 31,75 0,05 0,5
w 4 31,5 1 0,1
w 3,75 33,5 0,5 0,05
w 3,75 32,5 0,5 0,05
w 4,25 33,5 0,5 0,05
w 4,25 32,5 0,5 0,05
w 4 34,5 1 0,1
w 5 34,5 1 0,1
w 5,5 34,25 0,05 0,5
w 5,5 33,75 0,05 0,5
w 4,75 33,5 0,5 0,05
w 4,75 32,5 0,5 0,05
w 5,25 33,5 0,5 0,05
w 5,25 32,5 0,5 0,05
w 5 31,5 1 0,1
w 5,5 32,25 0,05 0,5
w 5,5 31,75 0,05 0,5
w 6 31,5 1 0,1
w 5,75 33,5 0,5 0,05
w 5,75 32,5 0,5 0,05
w 6,25 33,5 0,5 0,05
w 6,25 32,5 0,5 0,05
w 5,5 35 0,1 1
w 6 35,5 1 0,1
w 7,5 35 0,1 1
w 7 35,5 1 0,1
w 7,5 34 0,1 1
w 7,5 33 0,1 1
w 6,75 33,5 0,5 0,05
w 6,75 32,5 0,5 0,05
w 7,25 33,5 0,5 0,05
w 7,25 32,5 0,5 0,05
w 7,5 32 0,1 1
w 7 31,5 1 0,1
b 58
w 5,5 36 0,1 1
w 6 35,5 1 0,1
w 5,5 36,25 0,05 0,5
w 5,5 35,75 0,05 0,5
w 6,5 36,25 0,05 0,5
w 6,5 35,75 0,05 0,5
w 5,5 37 0,1 1
w 5,5 37,25 0,05 0,5
w 5,5 36,75 0,05 0,5
w 6,5 37,25 0,05 0,5
w 6,5 36,75 0,05 0,5
w 5,5 38 0,1 1
w 5,5 38,25 0,05 0,5
w 5,5 37,75 0,05 0,5
w 6,5 38,25 0,05 0,5
w 6,5 37,75 0,05 0,5
w 5,5 39 0,1 1
w 6 39,5 1 0,1
w 5,5 39,25 0,05 0,5
w 5,5 38,75 0,05 0,5
w 6,5 39,25 0,05 0,5
w 6,5 38,75 0,05 0,5
w 7,5 39 0,1 1
w 7 39,5 1 0,1
w 7,5 38 0,1 1
w 7,5 37 0,1 1
w 7,5 36 0,1 1
w 7 35,5 1 0,1
b 59
w 7,5 36 0,1 1
w 8 35,5 1 0,1
w 7,5 37 0,1 1
w 7,75 37,5 0,5 0,05
w 7,75 36,5 0,5 0,05
w 8,25 37,5 0,5 0,05
w 8,25 36,5 0,5 0,05
w 7,5 38 0,1 1
w 8 38,5 1 0,1
w 9 38,5 1 0,1
w 8,75 37,5 0,5 0,05
w 8,75 36,5 0,5 0,05
w 9,25 37,5 0,5 0,05
w 9,25 36,5 0,5 0,05
w 9 35,5 1 0,1
w 10,5 36 0,1 1
w 10 35,5 1 0,1
w 10,5 37 0,1 1
w 9,75 37,5 0,5 0,05
w 9,75 36,5 0,5 0,05
w 10,25 37,5 0,5 0,05
w 10,25 36,5 0,5 0,05
w 10,5 38 0,1 1
w 10 38,5 1 0,1
w 11,5 36 0,1 1
w 12 35,5 1 0,1
w 11,5 37 0,1 1
w 11,75 37,5 0,5 0,05
w 11,75 36,5 0,5 0,05
w 12,25 37,5 0,5 0,05
w 12,25 36,5 0,5 0,05
w 11,5 38 0,1 1
w 12 38,5 1 0,1
w 13,5 38 0,1 1
w 13 38,5 1 0,1
w 13,5 37 0,1 1
w 12,75 37,5 0,5 0,05
w 12,75 36,5 0,5 0,05
w 13,25 37,5 0,5 0,05
w 13,25 36,5 0,5 0,05
w 13,5 36 0,1 1
w 13 35,5 1 0,1
b 60
w 5,5 4 0,1 1
w 6 3,5 1 0,1
w 5,5 5 0,1 1
w 5,75 5,5 0,5 0,05
w 5,75 4,5 0,5 0,05
w 6,25 5,5 0,5 0,05
w 6,25 4,5 0,5 0,05
w 5,5 6 0,1 1
w 6 6,5 1 0,1
w 7 6,5 1 0,1
w 6,75 5,5 0,5 0,05
w 6,75 4,5 0,5 0,05
w 7,25 5,5 0,5 0,05
w 7,25 4,5 0,5 0,05
w 7 3,5 1 0,1
w 8 3,5 1 0,1
w 7,75 5,5 0,5 0,05
w 7,75 4,5 0,5 0,05
w 8,25 5,5 0,5 0,05
w 8,25 4,5 0,5 0,05
w 8 6,5 1 0,1
w 9 6,5 1 0,1
w 8,75 5,5 0,5 0,05
w 8,75 4,5 0,5 0,05
w 9,25 5,5 0,5 0,05
w 9,25 4,5 0,5 0,05
w 9 3,5 1 0,1
w 10 3,5 1 0,1
w 10,5 4,25 0,05 0,5
w 10,5 3,75 0,05 0,5
w 9,75 5,5 0,5 0,05
w 9,75 4,5 0,5 0,05
w 10,25 5,5 0,5 0,05
w 10,25 4,5 0,5 0,05
w 10 6,5 1 0,1
w 10,5 6,25 0,05 0,5
w 10,5 5,75 0,05 0,5
w 11 6,5 1 0,1
w 11,5 6,25 0,05 0,5
w 11,5 5,75 0,05 0,5
w 10,75 5,5 0,5 0,05
w 10,75 4,5 0,5 0,05
w 11,25 5,5 0,5 0,05
w 11,25 4,5 0,5 0,05
w 11 3,5 1 0,1
w 11,5 4,25 0,05 0,5
w 11,5 3,75 0,05 0,5
w 12 3,5 1 0,1
w 11,75 5,5 0,5 0,05
w 11,75 4,5 0,5 0,05
w 12,25 5,5 0,5 0,05
w 12,25 4,5 0,5 0,05
w 12 6,5 1 0,1
w 13,5 6 0,1 1
w 13 6,5 1 0,1
w 13,5 5 0,1 1
w 12,75 5,5 0,5 0,05
w 12,75 4,5 0,5 0,05
w 13,25 5,5 0,5 0,05
w 13,25 4,5 0,5 0,05
w 13,5 4 0,1 1
w 13 3,5 1 0,1
b 61
w 17,5 8 0,1 1
w 18 7,5 1 0,1
w 17,5 8,25 0,05 0,5
w 17,5 7,75 0,05 0,5
w 18,5 8,25 0,05 0,5
w 18,5 7,75 0,05 0,5
w 17,5 9 0,1 1
w 17,5 9,25 0,05 0,5
w 17,5 8,75 0,05 0,5
w 18,5 9,25 0,05 0,5
w 18,5 8,75 0,05 0,5
w 17,5 10 0,1 1
w 18 10,5 1 0,1
w 17,5 10,25 0,05 0,5
w 17,5 9,75 0,05 0,5
w 18,5 10,25 0,05 0,5
w 18,5 9,75 0,05 0,5
w 19,5 10 0,1 1
w 19 10,5 1 0,1
w 19,5 9 0,1 1
w 19,5 8 0,1 1
w 19 7,5 1 0,1
b 62
w 22,5 29 0,1 1
w 21,75 29,5 0,5 0,05
w 21,75 28,5 0,5 0,05
w 22,25 29,5 0,5 0,05
w 22,25 28,5 0,5 0,05
w 22,5 30 0,1 1
w 22 30,5 1 0,1
w 21 30,5 1 0,1
w 20,75 29,5 0,5 0,05
w 20,75 28,5 0,5 0,05
w 21,25 29,5 0,5 0,05
w 21,25 28,5 0,5 0,05
w 21 27,5 1 0,1
w 20 27,5 1 0,1
w 19,75 29,5 0,5 0,05
w 19,75 28,5 0,5 0,05
w 20,25 29,5 0,5 0,05
w 20,25 28,5 0,5 0,05
w 20 30,5 1 0,1
w 19 30,5 1 0,1
w 19,5 30,25 0,05 0,5
w 19,5 29,75 0,05 0,5
w 18,75 29,5 0,5 0,05
w 18,75 28,5 0,5 0,05
w 19,25 29,5 0,5 0,05
w 19,25 28,5 0,5 0,05
w 19 27,5 1 0,1
w 19,5 28,25 0,05 0,5
w 19,5 27,75 0,05 0,5
w 17,5 28 0,1 1
w 18 27,5 1 0,1
w 17,5 29 0,1 1
w 17,75 29,5 0,5 0,05
w 17,75 28,5 0,5 0,05
w 18,25 29,5 0,5 0,05
w 18,25 28,5 0,5 0,05
w 17,5 30 0,1 1
w 18 30,5 1 0,1
w 22,5 28 0,1 1
w 22 27,5 1 0,1
b 63
w 23,5 26 0,1 1
w 24 25,5 1 0,1
w 23,5 27 0,1 1
w 23,75 28,5 0,5 0,05
w 23,75 27,5 0,5 0,05
w 24,25 28,5 0,5 0,05
w 24,25 27,5 0,5 0,05
w 22,5 28 0,1 1
w 23 27,5 1 0,1
w 22,75 28,5 0,5 0,05
w 22,75 27,5 0,5 0,05
w 23,25 28,5 0,5 0,05
w 23,25 27,5 0,5 0,05
w 22,5 29 0,1 1
w 22,5 30 0,1 1
w 23 30,5 1 0,1
w 24 30,5 1 0,1
w 25 30,5 1 0,1
w 26 30,5 1 0,1
w 25,75 28,5 0,5 0,05
w 25,75 27,5 0,5 0,05
w 26,25 28,5 0,5 0,05
w 26,25 27,5 0,5 0,05
w 24,75 28,5 0,5 0,05
w 24,75 27,5 0,5 0,05
w 25,25 28,5 0,5 0,05
w 25,25 27,5 0,5 0,05
w 25 25,5 1 0,1
w 26 25,5 1 0,1
w 26,75 28,5 0,5 0,05
w 26,75 27,5 0,5 0,05
w 27,25 28,5 0,5 0,05
w 27,25 27,5 0,5 0,05
w 27 30,5 1 0,1
w 28 30,5 1 0,1
w 27,75 28,5 0,5 0,05
w 27,75 27,5 0,5 0,05
w 28,25 28,5 0,5 0,05
w 28,25 27,5 0,5 0,05
w 28,5 27 0,1 1
w 28,5 26 0,1 1
w 28 25,5 1 0,1
w 29,5 26 0,1 1
w 30 26,5 1 0,1
w 30 25,5 1 0,1
w 31 26,5 1 0,1
w 31 25,5 1 0,1
w 32,5 26 0,1 1
w 32 26,5 1 0,1
w 32 25,5 1 0,1
w 27 25,5 1 0,1
w 29 27,5 1 0,1
w 28,75 28,5 0,5 0,05
w 28,75 27,5 0,5 0,05
w 29,25 28,5 0,5 0,05
w 29,25 27,5 0,5 0,05
w 29 30,5 1 0,1
w 30 30,5 1 0,1
w 30 27,5 1 0,1
w 29,75 28,5 0,5 0,05
w 29,75 27,5 0,5 0,05
w 30,25 28,5 0,5 0,05
w 30,25 27,5 0,5 0,05
w 31 27,5 1 0,1
w 30,75 28,5 0,5 0,05
w 30,75 27,5 0,5 0,05
w 31,25 28,5 0,5 0,05
w 31,25 27,5 0,5 0,05
w 31 30,5 1 0,1
w 32,5 30 0,1 1
w 32 30,5 1 0,1
w 32,5 29 0,1 1
w 32,5 28 0,1 1
w 32 27,5 1 0,1
w 31,75 28,5 0,5 0,05
w 31,75 27,5 0,5 0,05
w 32,25 28,5 0,5 0,05
w 32,25 27,5 0,5 0,05
b 64
w 32,5 23 0,1 1
w 33 23,5 1 0,1
w 32,5 22 0,1 1
w 32,5 21 0,1 1
w 32,75 21,5 0,5 0,05
w 32,75 20,5 0,5 0,05
w 33,25 21,5 0,5 0,05
w 33,25 20,5 0,5 0,05
w 32,5 20 0,1 1
w 33 19,5 1 0,1
w 34 19,5 1 0,1
w 33,75 21,5 0,5 0,05
w 33,75 20,5 0,5 0,05
w 34,25 21,5 0,5 0,05
w 34,25 20,5 0,5 0,05
w 34 23,5 1 0,1
w 35 23,5 1 0,1
w 34,75 21,5 0,5 0,05
w 34,75 20,5 0,5 0,05
w 35,25 21,5 0,5 0,05
w 35,25 20,5 0,5 0,05
w 35 19,5 1 0,1
w 36 19,5 1 0,1
w 35,75 21,5 0,5 0,05
w 35,75 20,5 0,5 0,05
w 36,25 21,5 0,5 0,05
w 36,25 20,5 0,5 0,05
w 36 23,5 1 0,1
w 37 23,5 1 0,1
w 36,75 21,5 0,5 0,05
w 36,75 20,5 0,5 0,05
w 37,25 21,5 0,5 0,05
w 37,25 20,5 0,5 0,05
w 37 19,5 1 0,1
w 38 19,5 1 0,1
w 37,75 21,5 0,5 0,05
w 37,75 20,5 0,5 0,05
w 38,25 21,5 0,5 0,05
w 38,25 20,5 0,5 0,05
w 38 23,5 1 0,1
w 39 23,5 1 0,1
w 38,75 21,5 0,5 0,05
w 38,75 20,5 0,5 0,05
w 39,25 21,5 0,5 0,05
w 39,25 20,5 0,5 0,05
w 39 19,5 1 0,1
w 40,5 20 0,1 1
w 40 19,5 1 0,1
w 40,5 21 0,1 1
w 39,75 21,5 0,5 0,05
w 39,75 20,5 0,5 0,05
w 40,25 21,5 0,5 0,05
w 40,25 20,5 0,5 0,05
w 40,5 22 0,1 1
w 40,5 23 0,1 1
w 40 23,5 1 0,1
b 65
w 32,5 26 0,1 1
w 33 26,5 1 0,1
w 32,5 25 0,1 1
w 32,75 25,5 0,5 0,05
w 32,75 24,5 0,5 0,05
w 33,25 25,5 0,5 0,05
w 33,25 24,5 0,5 0,05
w 32,5 24 0,1 1
w 33 23,5 1 0,1
w 34 23,5 1 0,1
w 33,75 25,5 0,5 0,05
w 33,75 24,5 0,5 0,05
w 34,25 25,5 0,5 0,05
w 34,25 24,5 0,5 0,05
w 34 26,5 1 0,1
w 35 26,5 1 0,1
w 34,75 25,5 0,5 0,05
w 34,75 24,5 0,5 0,05
w 35,25 25,5 0,5 0,05
w 35,25 24,5 0,5 0,05
w 35 23,5 1 0,1
w 36 23,5 1 0,1
w 35,75 25,5 0,5 0,05
w 35,75 24,5 0,5 0,05
w 36,25 25,5 0,5 0,05
w 36,25 24,5 0,5 0,05
w 36 26,5 1 0,1
w 37 26,5 1 0,1
w 36,75 25,5 0,5 0,05
w 36,75 24,5 0,5 0,05
w 37,25 25,5 0,5 0,05
w 37,25 24,5 0,5 0,05
w 37 23,5 1 0,1
w 38 23,5 1 0,1
w 37,75 25,5 0,5 0,05
w 37,75 24,5 0,5 0,05
w 38,25 25,5 0,5 0,05
w 38,25 24,5 0,5 0,05
w 38 26,5 1 0,1
w 39 26,5 1 0,1
w 38,75 25,5 0,5 0,05
w 38,75 24,5 0,5 0,05
w 39,25 25,5 0,5 0,05
w 39,25 24,5 0,5 0,05
w 39 23,5 1 0,1
w 40,5 24 0,1 1
w 40 23,5 1 0,1
w 40,5 25 0,1 1
w 39,75 25,5 0,5 0,05
w 39,75 24,5 0,5 0,05
w 40,25 25,5 0,5 0,05
w 40,25 24,5 0,5 0,05
w 40,5 26 0,1 1
w 40 26,5 1 0,1
b 66
w 17,5 45 0,1 1
w 18 44,5 1 0,1
w 17,5 46 0,1 1
w 17,5 47 0,1 1
w 17,5 48 0,1 1
w 17,5 49 0,1 1
w 18 49,5 1 0,1
w 19 49,5 1 0,1
w 18,5 49,25 0,05 0,5
w 18,5 48,75 0,05 0,5
w 19,5 49,25 0,05 0,5
w 19,5 48,75 0,05 0,5
w 18,5 48,25 0,05 0,5
w 18,5 47,75 0,05 0,5
w 19,5 48,25 0,05 0,5
w 19,5 47,75 0,05 0,5
w 18,5 47,25 0,05 0,5
w 18,5 46,75 0,05 0,5
w 19,5 47,25 0,05 0,5
w 19,5 46,75 0,05 0,5
w 18,5 46,25 0,05 0,5
w 18,5 45,75 0,05 0,5
w 19,5 46,25 0,05 0,5
w 19,5 45,75 0,05 0,5
w 19 44,5 1 0,1
w 18,5 45,25 0,05 0,5
w 18,5 44,75 0,05 0,5
w 19,5 45,25 0,05 0,5
w 19,5 44,75 0,05 0,5
w 20,5 45 0,1 1
w 20 44,5 1 0,1
w 20,5 46 0,1 1
w 20,5 47 0,1 1
w 20,5 48 0,1 1
w 20,5 49 0,1 1
w 20 49,5 1 0,1
b 67
w 20,5 43 0,1 1
w 21 43,5 1 0,1
w 20,5 42 0,1 1
w 20,5 41 0,1 1
w 20,75 41,5 0,5 0,05
w 20,75 40,5 0,5 0,05
w 21,25 41,5 0,5 0,05
w 21,25 40,5 0,5 0,05
w 20,5 40 0,1 1
w 21 39,5 1 0,1
w 22 39,5 1 0,1
w 21,75 41,5 0,5 0,05
w 21,75 40,5 0,5 0,05
w 22,25 41,5 0,5 0,05
w 22,25 40,5 0,5 0,05
w 22,5 43 0,1 1
w 22 43,5 1 0,1
w 23 42,5 1 0,1
w 22,75 41,5 0,5 0,05
w 22,75 40,5 0,5 0,05
w 23,25 41,5 0,5 0,05
w 23,25 40,5 0,5 0,05
w 23 39,5 1 0,1
w 24 39,5 1 0,1
w 23,75 41,5 0,5 0,05
w 23,75 40,5 0,5 0,05
w 24,25 41,5 0,5 0,05
w 24,25 40,5 0,5 0,05
w 24 42,5 1 0,1
w 25 42,5 1 0,1
w 24,75 41,5 0,5 0,05
w 24,75 40,5 0,5 0,05
w 25,25 41,5 0,5 0,05
w 25,25 40,5 0,5 0,05
w 25 39,5 1 0,1
w 26 39,5 1 0,1
w 25,75 41,5 0,5 0,05
w 25,75 40,5 0,5 0,05
w 26,25 41,5 0,5 0,05
w 26,25 40,5 0,5 0,05
w 26 42,5 1 0,1
w 27 42,5 1 0,1
w 26,75 41,5 0,5 0,05
w 26,75 40,5 0,5 0,05
w 27,25 41,5 0,5 0,05
w 27,25 40,5 0,5 0,05
w 27 39,5 1 0,1
w 28,5 40 0,1 1
w 28 39,5 1 0,1
w 28,5 41 0,1 1
w 27,75 41,5 0,5 0,05
w 27,75 40,5 0,5 0,05
w 28,25 41,5 0,5 0,05
w 28,25 40,5 0,5 0,05
w 28,5 42 0,1 1
w 28 42,5 1 0,1
b 68
w 23,5 36 0,1 1
w 24 35,5 1 0,1
w 23,5 37 0,1 1
w 23,75 37,5 0,5 0,05
w 23,75 36,5 0,5 0,05
w 24,25 37,5 0,5 0,05
w 24,25 36,5 0,5 0,05
w 23,5 38 0,1 1
w 24 38,5 1 0,1
w 25 38,5 1 0,1
w 24,75 37,5 0,5 0,05
w 24,75 36,5 0,5 0,05
w 25,25 37,5 0,5 0,05
w 25,25 36,5 0,5 0,05
w 25 35,5 1 0,1
w 26 35,5 1 0,1
w 25,75 37,5 0,5 0,05
w 25,75 36,5 0,5 0,05
w 26,25 37,5 0,5 0,05
w 26,25 36,5 0,5 0,05
w 26 38,5 1 0,1
w 27 38,5 1 0,1
w 26,75 37,5 0,5 0,05
w 26,75 36,5 0,5 0,05
w 27,25 37,5 0,5 0,05
w 27,25 36,5 0,5 0,05
w 27 35,5 1 0,1
w 28 35,5 1 0,1
w 27,75 37,5 0,5 0,05
w 27,75 36,5 0,5 0,05
w 28,25 37,5 0,5 0,05
w 28,25 36,5 0,5 0,05
w 28 38,5 1 0,1
w 29 38,5 1 0,1
w 28,75 37,5 0,5 0,05
w 28,75 36,5 0,5 0,05
w 29,25 37,5 0,5 0,05
w 29,25 36,5 0,5 0,05
w 29 35,5 1 0,1
w 30 35,5 1 0,1
w 29,75 37,5 0,5 0,05
w 29,75 36,5 0,5 0,05
w 30,25 37,5 0,5 0,05
w 30,25 36,5 0,5 0,05
w 30 38,5 1 0,1
w 31,5 38 0,1 1
w 31 38,5 1 0,1
w 31,5 37 0,1 1
w 30,75 37,5 0,5 0,05
w 30,75 36,5 0,5 0,05
w 31,25 37,5 0,5 0,05
w 31,25 36,5 0,5 0,05
w 31,5 36 0,1 1
w 31 35,5 1 0,1
b 69
w 35,5 40 0,1 1
w 36 39,5 1 0,1
w 35,5 40,25 0,05 0,5
w 35,5 39,75 0,05 0,5
w 36,5 40,25 0,05 0,5
w 36,5 39,75 0,05 0,5
w 35,5 41 0,1 1
w 35,5 41,25 0,05 0,5
w 35,5 40,75 0,05 0,5
w 36,5 41,25 0,05 0,5
w 36,5 40,75 0,05 0,5
w 35,5 42 0,1 1
w 36 42,5 1 0,1
w 35,5 42,25 0,05 0,5
w 35,5 41,75 0,05 0,5
w 36,5 42,25 0,05 0,5
w 36,5 41,75 0,05 0,5
w 37,5 42 0,1 1
w 37 42,5 1 0,1
w 37,5 41 0,1 1
w 37,5 40 0,1 1
w 37 39,5 1 0,1
b 70
w 37,5 36 0,1 1
w 38 35,5 1 0,1
w 37,5 37 0,1 1
w 37,75 37,5 0,5 0,05
w 37,75 36,5 0,5 0,05
w 38,25 37,5 0,5 0,05
w 38,25 36,5 0,5 0,05
w 37,5 38 0,1 1
w 37,5 39 0,1 1
w 38 39,5 1 0,1
w 39 39,5 1 0,1
w 39,5 39,25 0,05 0,5
w 39,5 38,75 0,05 0,5
w 39,5 38,25 0,05 0,5
w 39,5 37,75 0,05 0,5
w 38,75 37,5 0,5 0,05
w 38,75 36,5 0,5 0,05
w 39,25 37,5 0,5 0,05
w 39,25 36,5 0,5 0,05
w 39 35,5 1 0,1
w 39,5 36,25 0,05 0,5
w 39,5 35,75 0,05 0,5
w 40 35,5 1 0,1
w 39,75 37,5 0,5 0,05
w 39,75 36,5 0,5 0,05
w 40,25 37,5 0,5 0,05
w 40,25 36,5 0,5 0,05
w 40,5 39 0,1 1
w 40 39,5 1 0,1
w 41 38,5 1 0,1
w 40,75 37,5 0,5 0,05
w 40,75 36,5 0,5 0,05
w 41,25 37,5 0,5 0,05
w 41,25 36,5 0,5 0,05
w 41 35,5 1 0,1
w 42 35,5 1 0,1
w 41,75 37,5 0,5 0,05
w 41,75 36,5 0,5 0,05
w 42,25 37,5 0,5 0,05
w 42,25 36,5 0,5 0,05
w 42 38,5 1 0,1
w 43,5 38 0,1 1
w 43 38,5 1 0,1
w 43,5 37 0,1 1
w 42,75 37,5 0,5 0,05
w 42,75 36,5 0,5 0,05
w 43,25 37,5 0,5 0,05
w 43,25 36,5 0,5 0,05
w 43,5 36 0,1 1
w 43 35,5 1 0,1
b 71
w 29,5 14 0,1 1
w 30 13,5 1 0,1
w 29,5 15 0,1 1
w 29,5 16 0,1 1
w 29,75 16,5 0,5 0,05
w 29,75 15,5 0,5 0,05
w 30,25 16,5 0,5 0,05
w 30,25 15,5 0,5 0,05
w 29,5 17 0,1 1
w 29,5 18 0,1 1
w 30 18,5 1 0,1
w 31 18,5 1 0,1
w 30,75 16,5 0,5 0,05
w 30,75 15,5 0,5 0,05
w 31,25 16,5 0,5 0,05
w 31,25 15,5 0,5 0,05
w 31 13,5 1 0,1
w 32 13,5 1 0,1
w 31,75 16,5 0,5 0,05
w 31,75 15,5 0,5 0,05
w 32,25 16,5 0,5 0,05
w 32,25 15,5 0,5 0,05
w 32 18,5 1 0,1
w 33 18,5 1 0,1
w 32,75 16,5 0,5 0,05
w 32,75 15,5 0,5 0,05
w 33,25 16,5 0,5 0,05
w 33,25 15,5 0,5 0,05
w 33 13,5 1 0,1
w 34 13,5 1 0,1
w 34,5 15 0,1 1
w 34,5 16 0,1 1
w 33,75 16,5 0,5 0,05
w 33,75 15,5 0,5 0,05
w 34,25 16,5 0,5 0,05
w 34,25 15,5 0,5 0,05
w 34,5 17 0,1 1
w 34,5 18 0,1 1
w 34 18,5 1 0,1
w 35,5 14 0,1 1
w 35 14,5 1 0,1
w 35 13,5 1 0,1
b 72
w 35,5 8 0,1 1
w 36 7,5 1 0,1
w 35,5 9 0,1 1
w 36 9,5 1 0,1
w 37 9,5 1 0,1
w 37,5 9,25 0,05 0,5
w 37,5 8,75 0,05 0,5
w 37 7,5 1 0,1
w 37,5 8,25 0,05 0,5
w 37,5 7,75 0,05 0,5
w 38 7,5 1 0,1
w 38,5 8,25 0,05 0,5
w 38,5 7,75 0,05 0,5
w 38 9,5 1 0,1
w 38,5 9,25 0,05 0,5
w 38,5 8,75 0,05 0,5
w 39 9,5 1 0,1
w 39 7,5 1 0,1
w 40 7,5 1 0,1
w 40 9,5 1 0,1
w 41,5 9 0,1 1
w 41 9,5 1 0,1
w 41,5 8 0,1 1
w 41 7,5 1 0,1
w 35,5 4 0,1 1
w 36 3,5 1 0,1
w 35,5 5 0,1 1
w 35,5 6 0,1 1
w 36 6,5 1 0,1
w 35,75 6,5 0,5 0,05
w 35,75 5,5 0,5 0,05
w 36,25 6,5 0,5 0,05
w 36,25 5,5 0,5 0,05
w 37 6,5 1 0,1
w 36,75 6,5 0,5 0,05
w 36,75 5,5 0,5 0,05
w 37,25 6,5 0,5 0,05
w 37,25 5,5 0,5 0,05
w 37,5 5,25 0,05 0,5
w 37,5 4,75 0,05 0,5
w 37 3,5 1 0,1
w 37,5 4,25 0,05 0,5
w 37,5 3,75 0,05 0,5
w 38 3,5 1 0,1
w 38,5 4,25 0,05 0,5
w 38,5 3,75 0,05 0,5
w 38,5 5,25 0,05 0,5
w 38,5 4,75 0,05 0,5
w 38 6,5 1 0,1
w 37,75 6,5 0,5 0,05
w 37,75 5,5 0,5 0,05
w 38,25 6,5 0,5 0,05
w 38,25 5,5 0,5 0,05
w 39 6,5 1 0,1
w 38,75 6,5 0,5 0,05
w 38,75 5,5 0,5 0,05
w 39,25 6,5 0,5 0,05
w 39,25 5,5 0,5 0,05
w 39 3,5 1 0,1
w 40,5 4 0,1 1
w 40 3,5 1 0,1
w 40,5 5 0,1 1
w 40,5 6 0,1 1
w 40 6,5 1 0,1
w 39,75 6,5 0,5 0,05
w 39,75 5,5 0,5 0,05
w 40,25 6,5 0,5 0,05
w 40,25 5,5 0,5 0,05
b 73
w -0,5 8 0,1 1
w 0 7,5 1 0,1
w -0,5 9 0,1 1
w -0,25 9,5 0,5 0,05
w -0,25 8,5 0,5 0,05
w 0,25 9,5 0,5 0,05
w 0,25 8,5 0,5 0,05
w -0,5 10 0,1 1
w 0 10,5 1 0,1
w 1 10,5 1 0,1
w 0,75 9,5 0,5 0,05
w 0,75 8,5 0,5 0,05
w 1,25 9,5 0,5 0,05
w 1,25 8,5 0,5 0,05
w 1 7,5 1 0,1
w 2 7,5 1 0,1
w 2,5 8,25 0,05 0,5
w 2,5 7,75 0,05 0,5
w 1,75 9,5 0,5 0,05
w 1,75 8,5 0,5 0,05
w 2,25 9,5 0,5 0,05
w 2,25 8,5 0,5 0,05
w 2 10,5 1 0,1
w 2,5 10,25 0,05 0,5
w 2,5 9,75 0,05 0,5
w 3 10,5 1 0,1
w 2,75 9,5 0,5 0,05
w 2,75 8,5 0,5 0,05
w 3,25 9,5 0,5 0,05
w 3,25 8,5 0,5 0,05
w 3 7,5 1 0,1
w 4 7,5 1 0,1
w 3,75 9,5 0,5 0,05
w 3,75 8,5 0,5 0,05
w 4,25 9,5 0,5 0,05
w 4,25 8,5 0,5 0,05
w 4 10,5 1 0,1
w 5 10,5 1 0,1
w 4,75 9,5 0,5 0,05
w 4,75 8,5 0,5 0,05
w 5,25 9,5 0,5 0,05
w 5,25 8,5 0,5 0,05
w 5 7,5 1 0,1
w 6,5 8 0,1 1
w 6 7,5 1 0,1
w 6,5 9 0,1 1
w 5,75 9,5 0,5 0,05
w 5,75 8,5 0,5 0,05
w 6,25 9,5 0,5 0,05
w 6,25 8,5 0,5 0,05
w 6,5 10 0,1 1
w 6,5 11 0,1 1
w 5,5 11 0,1 1
w 6 11,5 1 0,1
b 74
w -0,5 24 0,1 1
w 0 23,5 1 0,1
w -0,5 25 0,1 1
w -0,25 25,5 0,5 0,05
w -0,25 24,5 0,5 0,05
w 0,25 25,5 0,5 0,05
w 0,25 24,5 0,5 0,05
w -0,5 26 0,1 1
w -0,5 27 0,1 1
w 0 27,5 1 0,1
w 1 27,5 1 0,1
w 0,75 25,5 0,5 0,05
w 0,75 24,5 0,5 0,05
w 1,25 25,5 0,5 0,05
w 1,25 24,5 0,5 0,05
w 1 23,5 1 0,1
w 2 23,5 1 0,1
w 2,5 24,25 0,05 0,5
w 2,5 23,75 0,05 0,5
w 1,75 25,5 0,5 0,05
w 1,75 24,5 0,5 0,05
w 2,25 25,5 0,5 0,05
w 2,25 24,5 0,5 0,05
w 2,5 26,25 0,05 0,5
w 2,5 25,75 0,05 0,5
w 2 27,5 1 0,1
w 2,5 27,25 0,05 0,5
w 2,5 26,75 0,05 0,5
w 3 27,5 1 0,1
w 2,75 25,5 0,5 0,05
w 2,75 24,5 0,5 0,05
w 3,25 25,5 0,5 0,05
w 3,25 24,5 0,5 0,05
w 3 23,5 1 0,1
w 4 23,5 1 0,1
w 3,75 25,5 0,5 0,05
w 3,75 24,5 0,5 0,05
w 4,25 25,5 0,5 0,05
w 4,25 24,5 0,5 0,05
w 4 27,5 1 0,1
w 5 27,5 1 0,1
w 4,75 25,5 0,5 0,05
w 4,75 24,5 0,5 0,05
w 5,25 25,5 0,5 0,05
w 5,25 24,5 0,5 0,05
w 5 23,5 1 0,1
w 6 23,5 1 0,1
w 6,5 24,25 0,05 0,5
w 6,5 23,75 0,05 0,5
w 5,75 25,5 0,5 0,05
w 5,75 24,5 0,5 0,05
w 6,25 25,5 0,5 0,05
w 6,25 24,5 0,5 0,05
w 6,5 26,25 0,05 0,5
w 6,5 25,75 0,05 0,5
w 6 27,5 1 0,1
w 6,5 27,25 0,05 0,5
w 6,5 26,75 0,05 0,5
w 7 27,5 1 0,1
w 7,5 27,25 0,05 0,5
w 7,5 26,75 0,05 0,5
w 7,5 26,25 0,05 0,5
w 7,5 25,75 0,05 0,5
w 6,75 25,5 0,5 0,05
w 6,75 24,5 0,5 0,05
w 7,25 25,5 0,5 0,05
w 7,25 24,5 0,5 0,05
w 7 23,5 1 0,1
w 7,5 24,25 0,05 0,5
w 7,5 23,75 0,05 0,5
w 8 23,5 1 0,1
w 7,75 25,5 0,5 0,05
w 7,75 24,5 0,5 0,05
w 8,25 25,5 0,5 0,05
w 8,25 24,5 0,5 0,05
w 8 27,5 1 0,1
w 9,5 27 0,1 1
w 9 27,5 1 0,1
w 9,5 26 0,1 1
w 9,5 25 0,1 1
w 8,75 25,5 0,5 0,05
w 8,75 24,5 0,5 0,05
w 9,25 25,5 0,5 0,05
w 9,25 24,5 0,5 0,05
w 9,5 24 0,1 1
w 9 23,5 1 0,1
b 75
w 7,5 32 0,1 1
w 8 31,5 1 0,1
w 7,5 33 0,1 1
w 7,75 33,5 0,5 0,05
w 7,75 32,5 0,5 0,05
w 8,25 33,5 0,5 0,05
w 8,25 32,5 0,5 0,05
w 7,5 34 0,1 1
w 7,5 35 0,1 1
w 8 35,5 1 0,1
w 9 35,5 1 0,1
w 9,5 35,25 0,05 0,5
w 9,5 34,75 0,05 0,5
w 9,5 34,25 0,05 0,5
w 9,5 33,75 0,05 0,5
w 8,75 33,5 0,5 0,05
w 8,75 32,5 0,5 0,05
w 9,25 33,5 0,5 0,05
w 9,25 32,5 0,5 0,05
w 9 31,5 1 0,1
w 9,5 32,25 0,05 0,5
w 9,5 31,75 0,05 0,5
w 10 31,5 1 0,1
w 10,5 32,25 0,05 0,5
w 10,5 31,75 0,05 0,5
w 9,75 33,5 0,5 0,05
w 9,75 32,5 0,5 0,05
w 10,25 33,5 0,5 0,05
w 10,25 32,5 0,5 0,05
w 10,5 34,25 0,05 0,5
w 10,5 33,75 0,05 0,5
w 10,5 35 0,1 1
w 10 35,5 1 0,1
w 10,5 35,25 0,05 0,5
w 10,5 34,75 0,05 0,5
w 11 34,5 1 0,1
w 10,75 33,5 0,5 0,05
w 10,75 32,5 0,5 0,05
w 11,25 33,5 0,5 0,05
w 11,25 32,5 0,5 0,05
w 11 31,5 1 0,1
w 12 31,5 1 0,1
w 11,75 33,5 0,5 0,05
w 11,75 32,5 0,5 0,05
w 12,25 33,5 0,5 0,05
w 12,25 32,5 0,5 0,05
w 11,5 35 0,1 1
w 12 35,5 1 0,1
w 13,5 35 0,1 1
w 13 35,5 1 0,1
w 13,5 34 0,1 1
w 13,5 33 0,1 1
w 12,75 33,5 0,5 0,05
w 12,75 32,5 0,5 0,05
w 13,25 33,5 0,5 0,05
w 13,25 32,5 0,5 0,05
w 13,5 32 0,1 1
w 13 31,5 1 0,1
b 76
w 5,5 0 0,1 1
w 6 -0,5 1 0,1
w 5,5 1 0,1 1
w 5,75 1,5 0,5 0,05
w 5,75 0,5 0,5 0,05
w 6,25 1,5 0,5 0,05
w 6,25 0,5 0,5 0,05
w 5,5 2 0,1 1
w 5,5 3 0,1 1
w 6 3,5 1 0,1
w 7 3,5 1 0,1
w 6,75 1,5 0,5 0,05
w 6,75 0,5 0,5 0,05
w 7,25 1,5 0,5 0,05
w 7,25 0,5 0,5 0,05
w 7 -0,5 1 0,1
w 8 -0,5 1 0,1
w 8,5 0,25 0,05 0,5
w 8,5 -0,25 0,05 0,5
w 7,75 1,5 0,5 0,05
w 7,75 0,5 0,5 0,05
w 8,25 1,5 0,5 0,05
w 8,25 0,5 0,5 0,05
w 8,5 2,25 0,05 0,5
w 8,5 1,75 0,05 0,5
w 8 3,5 1 0,1
w 8,5 3,25 0,05 0,5
w 8,5 2,75 0,05 0,5
w 9 3,5 1 0,1
w 8,75 1,5 0,5 0,05
w 8,75 0,5 0,5 0,05
w 9,25 1,5 0,5 0,05
w 9,25 0,5 0,5 0,05
w 9 -0,5 1 0,1
w 10,5 0 0,1 1
w 10 -0,5 1 0,1
w 10,5 1 0,1 1
w 9,75 1,5 0,5 0,05
w 9,75 0,5 0,5 0,05
w 10,25 1,5 0,5 0,05
w 10,25 0,5 0,5 0,05
w 10,5 2 0,1 1
w 10,5 3 0,1 1
w 10 3,5 1 0,1
b 77
w 13,5 4 0,1 1
w 14 3,5 1 0,1
w 13,5 5 0,1 1
w 13,75 5,5 0,5 0,05
w 13,75 4,5 0,5 0,05
w 14,25 5,5 0,5 0,05
w 14,25 4,5 0,5 0,05
w 13,5 6 0,1 1
w 14 6,5 1 0,1
w 15 6,5 1 0,1
w 15,5 6,25 0,05 0,5
w 15,5 5,75 0,05 0,5
w 14,75 5,5 0,5 0,05
w 14,75 4,5 0,5 0,05
w 15,25 5,5 0,5 0,05
w 15,25 4,5 0,5 0,05
w 15 3,5 1 0,1
w 15,5 4,25 0,05 0,5
w 15,5 3,75 0,05 0,5
w 16 3,5 1 0,1
w 15,75 5,5 0,5 0,05
w 15,75 4,5 0,5 0,05
w 16,25 5,5 0,5 0,05
w 16,25 4,5 0,5 0,05
w 16 6,5 1 0,1
w 17 6,5 1 0,1
w 16,75 5,5 0,5 0,05
w 16,75 4,5 0,5 0,05
w 17,25 5,5 0,5 0,05
w 17,25 4,5 0,5 0,05
w 17 3,5 1 0,1
w 18 3,5 1 0,1
w 17,75 5,5 0,5 0,05
w 17,75 4,5 0,5 0,05
w 18,25 5,5 0,5 0,05
w 18,25 4,5 0,5 0,05
w 17,5 7 0,1 1
w 18 7,5 1 0,1
w 19,5 7 0,1 1
w 19 7,5 1 0,1
w 19,5 6 0,1 1
w 19,5 5 0,1 1
w 18,75 5,5 0,5 0,05
w 18,75 4,5 0,5 0,05
w 19,25 5,5 0,5 0,05
w 19,25 4,5 0,5 0,05
w 19,5 4 0,1 1
w 19 3,5 1 0,1
b 78
w 11,5 20 0,1 1
w 12 19,5 1 0,1
w 11,5 21 0,1 1
w 11,75 21,5 0,5 0,05
w 11,75 20,5 0,5 0,05
w 12,25 21,5 0,5 0,05
w 12,25 20,5 0,5 0,05
w 11,5 22 0,1 1
w 12 22,5 1 0,1
w 13 22,5 1 0,1
w 12,75 21,5 0,5 0,05
w 12,75 20,5 0,5 0,05
w 13,25 21,5 0,5 0,05
w 13,25 20,5 0,5 0,05
w 13 19,5 1 0,1
w 14 19,5 1 0,1
w 13,75 21,5 0,5 0,05
w 13,75 20,5 0,5 0,05
w 14,25 21,5 0,5 0,05
w 14,25 20,5 0,5 0,05
w 14 22,5 1 0,1
w 15 22,5 1 0,1
w 14,75 21,5 0,5 0,05
w 14,75 20,5 0,5 0,05
w 15,25 21,5 0,5 0,05
w 15,25 20,5 0,5 0,05
w 15 19,5 1 0,1
w 16 19,5 1 0,1
w 15,75 21,5 0,5 0,05
w 15,75 20,5 0,5 0,05
w 16,25 21,5 0,5 0,05
w 16,25 20,5 0,5 0,05
w 16 22,5 1 0,1
w 17,5 22 0,1 1
w 17 22,5 1 0,1
w 17,5 21 0,1 1
w 16,75 21,5 0,5 0,05
w 16,75 20,5 0,5 0,05
w 17,25 21,5 0,5 0,05
w 17,25 20,5 0,5 0,05
w 17,5 20 0,1 1
w 17 19,5 1 0,1
b 79
w 17,5 20 0,1 1
w 18 19,5 1 0,1
w 17,5 21 0,1 1
w 17,75 21,5 0,5 0,05
w 17,75 20,5 0,5 0,05
w 18,25 21,5 0,5 0,05
w 18,25 20,5 0,5 0,05
w 17,5 22 0,1 1
w 18 22,5 1 0,1
w 19 22,5 1 0,1
w 19,5 22,25 0,05 0,5
w 19,5 21,75 0,05 0,5
w 18,75 21,5 0,5 0,05
w 18,75 20,5 0,5 0,05
w 19,25 21,5 0,5 0,05
w 19,25 20,5 0,5 0,05
w 19 19,5 1 0,1
w 19,5 20,25 0,05 0,5
w 19,5 19,75 0,05 0,5
w 20 19,5 1 0,1
w 20,5 20,25 0,05 0,5
w 20,5 19,75 0,05 0,5
w 19,75 21,5 0,5 0,05
w 19,75 20,5 0,5 0,05
w 20,25 21,5 0,5 0,05
w 20,25 20,5 0,5 0,05
w 20 22,5 1 0,1
w 20,5 22,25 0,05 0,5
w 20,5 21,75 0,05 0,5
w 21 22,5 1 0,1
w 20,75 21,5 0,5 0,05
w 20,75 20,5 0,5 0,05
w 21,25 21,5 0,5 0,05
w 21,25 20,5 0,5 0,05
w 21 19,5 1 0,1
w 22,5 20 0,1 1
w 22 19,5 1 0,1
w 22,5 21 0,1 1
w 21,75 21,5 0,5 0,05
w 21,75 20,5 0,5 0,05
w 22,25 21,5 0,5 0,05
w 22,25 20,5 0,5 0,05
w 22,5 22 0,1 1
w 22 22,5 1 0,1
b 80
w 22,5 21 0,1 1
w 23 21,5 1 0,1
w 22,5 20 0,1 1
w 22,5 19 0,1 1
w 22,5 18 0,1 1
w 22,75 18,5 0,5 0,05
w 22,75 17,5 0,5 0,05
w 23,25 18,5 0,5 0,05
w 23,25 17,5 0,5 0,05
w 22,5 17 0,1 1
w 22,5 16 0,1 1
w 23 15,5 1 0,1
w 24 15,5 1 0,1
w 23,75 18,5 0,5 0,05
w 23,75 17,5 0,5 0,05
w 24,25 18,5 0,5 0,05
w 24,25 17,5 0,5 0,05
w 24 21,5 1 0,1
w 25 21,5 1 0,1
w 24,75 18,5 0,5 0,05
w 24,75 17,5 0,5 0,05
w 25,25 18,5 0,5 0,05
w 25,25 17,5 0,5 0,05
w 25 15,5 1 0,1
w 26 15,5 1 0,1
w 25,75 18,5 0,5 0,05
w 25,75 17,5 0,5 0,05
w 26,25 18,5 0,5 0,05
w 26,25 17,5 0,5 0,05
w 26 21,5 1 0,1
w 27 21,5 1 0,1
w 27,5 21,25 0,05 0,5
w 27,5 20,75 0,05 0,5
w 27,5 20,25 0,05 0,5
w 27,5 19,75 0,05 0,5
w 27,5 19,25 0,05 0,5
w 27,5 18,75 0,05 0,5
w 26,75 18,5 0,5 0,05
w 26,75 17,5 0,5 0,05
w 27,25 18,5 0,5 0,05
w 27,25 17,5 0,5 0,05
w 27,5 17,25 0,05 0,5
w 27,5 16,75 0,05 0,5
w 27 15,5 1 0,1
w 27,5 16,25 0,05 0,5
w 27,5 15,75 0,05 0,5
w 28,5 16 0,1 1
w 28 15,5 1 0,1
w 28,5 17 0,1 1
w 28,5 18 0,1 1
w 27,75 18,5 0,5 0,05
w 27,75 17,5 0,5 0,05
w 28,25 18,5 0,5 0,05
w 28,25 17,5 0,5 0,05
w 28,5 19 0,1 1
w 28 21,5 1 0,1
w 29 21,5 1 0,1
w 31 21,5 1 0,1
w 30 21,5 1 0,1
w 30 19,5 1 0,1
w 29 19,5 1 0,1
w 31 19,5 1 0,1
w 32,5 20 0,1 1
w 32 19,5 1 0,1
w 32,5 21 0,1 1
w 32 21,5 1 0,1
b 81
w 22,5 22 0,1 1
w 23 22,5 1 0,1
w 23 21,5 1 0,1
w 24 21,5 1 0,1
w 23,5 23 0,1 1
w 23,75 23,5 0,5 0,05
w 23,75 22,5 0,5 0,05
w 24,25 23,5 0,5 0,05
w 24,25 22,5 0,5 0,05
w 23,5 24 0,1 1
w 23,5 25 0,1 1
w 24 25,5 1 0,1
w 25 25,5 1 0,1
w 25,5 25,25 0,05 0,5
w 25,5 24,75 0,05 0,5
w 25,5 24,25 0,05 0,5
w 25,5 23,75 0,05 0,5
w 24,75 23,5 0,5 0,05
w 24,75 22,5 0,5 0,05
w 25,25 23,5 0,5 0,05
w 25,25 22,5 0,5 0,05
w 25 21,5 1 0,1
w 25,5 22,25 0,05 0,5
w 25,5 21,75 0,05 0,5
w 26 21,5 1 0,1
w 25,75 23,5 0,5 0,05
w 25,75 22,5 0,5 0,05
w 26,25 23,5 0,5 0,05
w 26,25 22,5 0,5 0,05
w 26 25,5 1 0,1
w 28,5 25 0,1 1
w 28 25,5 1 0,1
w 28,5 24 0,1 1
w 28,5 23 0,1 1
w 27,75 23,5 0,5 0,05
w 27,75 22,5 0,5 0,05
w 28,25 23,5 0,5 0,05
w 28,25 22,5 0,5 0,05
w 28 21,5 1 0,1
w 27 21,5 1 0,1
w 29 22,5 1 0,1
w 29 21,5 1 0,1
w 30 21,5 1 0,1
w 29,5 23 0,1 1
w 29,75 23,5 0,5 0,05
w 29,75 22,5 0,5 0,05
w 30,25 23,5 0,5 0,05
w 30,25 22,5 0,5 0,05
w 29,5 24 0,1 1
w 29,5 25 0,1 1
w 30 25,5 1 0,1
w 31 25,5 1 0,1
w 30,75 23,5 0,5 0,05
w 30,75 22,5 0,5 0,05
w 31,25 23,5 0,5 0,05
w 31,25 22,5 0,5 0,05
w 31 21,5 1 0,1
w 32,5 22 0,1 1
w 32 21,5 1 0,1
w 32,5 23 0,1 1
w 31,75 23,5 0,5 0,05
w 31,75 22,5 0,5 0,05
w 32,25 23,5 0,5 0,05
w 32,25 22,5 0,5 0,05
w 32,5 24 0,1 1
w 32,5 25 0,1 1
w 32 25,5 1 0,1
w 26,75 23,5 0,5 0,05
w 26,75 22,5 0,5 0,05
w 27,25 23,5 0,5 0,05
w 27,25 22,5 0,5 0,05
w 27 25,5 1 0,1
b 82
w 11,5 40 0,1 1
w 12 39,5 1 0,1
w 11,5 41 0,1 1
w 11,5 42 0,1 1
w 12 42,5 1 0,1
w 11,75 42,5 0,5 0,05
w 11,75 41,5 0,5 0,05
w 12,25 42,5 0,5 0,05
w 12,25 41,5 0,5 0,05
w 13 42,5 1 0,1
w 12,75 42,5 0,5 0,05
w 12,75 41,5 0,5 0,05
w 13,25 42,5 0,5 0,05
w 13,25 41,5 0,5 0,05
w 13,5 41,25 0,05 0,5
w 13,5 40,75 0,05 0,5
w 13 39,5 1 0,1
w 13,5 40,25 0,05 0,5
w 13,5 39,75 0,05 0,5
w 14 39,5 1 0,1
w 14 42,5 1 0,1
w 13,75 42,5 0,5 0,05
w 13,75 41,5 0,5 0,05
w 14,25 42,5 0,5 0,05
w 14,25 41,5 0,5 0,05
w 15 42,5 1 0,1
w 14,75 42,5 0,5 0,05
w 14,75 41,5 0,5 0,05
w 15,25 42,5 0,5 0,05
w 15,25 41,5 0,5 0,05
w 15 39,5 1 0,1
w 16 39,5 1 0,1
w 16 42,5 1 0,1
w 15,75 42,5 0,5 0,05
w 15,75 41,5 0,5 0,05
w 16,25 42,5 0,5 0,05
w 16,25 41,5 0,5 0,05
w 17 42,5 1 0,1
w 16,75 42,5 0,5 0,05
w 16,75 41,5 0,5 0,05
w 17,25 42,5 0,5 0,05
w 17,25 41,5 0,5 0,05
w 17,5 41,25 0,05 0,5
w 17,5 40,75 0,05 0,5
w 17 39,5 1 0,1
w 17,5 40,25 0,05 0,5
w 17,5 39,75 0,05 0,5
w 18 39,5 1 0,1
w 17,75 42,5 0,5 0,05
w 17,75 41,5 0,5 0,05
w 18,25 42,5 0,5 0,05
w 18,25 41,5 0,5 0,05
w 17,5 43 0,1 1
w 17,5 44 0,1 1
w 18 44,5 1 0,1
w 19 44,5 1 0,1
w 18,75 42,5 0,5 0,05
w 18,75 41,5 0,5 0,05
w 19,25 42,5 0,5 0,05
w 19,25 41,5 0,5 0,05
w 19 39,5 1 0,1
w 20,5 40 0,1 1
w 20 39,5 1 0,1
w 20,5 41 0,1 1
w 20,5 42 0,1 1
w 19,75 42,5 0,5 0,05
w 19,75 41,5 0,5 0,05
w 20,25 42,5 0,5 0,05
w 20,25 41,5 0,5 0,05
w 20,5 43 0,1 1
w 20,5 44 0,1 1
w 20 44,5 1 0,1
b 83
w 23,5 32 0,1 1
w 24 31,5 1 0,1
w 23,5 33 0,1 1
w 23,75 33,5 0,5 0,05
w 23,75 32,5 0,5 0,05
w 24,25 33,5 0,5 0,05
w 24,25 32,5 0,5 0,05
w 23,5 34 0,1 1
w 23,5 35 0,1 1
w 24 35,5 1 0,1
w 25 35,5 1 0,1
w 24,75 33,5 0,5 0,05
w 24,75 32,5 0,5 0,05
w 25,25 33,5 0,5 0,05
w 25,25 32,5 0,5 0,05
w 25 31,5 1 0,1
w 26 31,5 1 0,1
w 25,75 33,5 0,5 0,05
w 25,75 32,5 0,5 0,05
w 26,25 33,5 0,5 0,05
w 26,25 32,5 0,5 0,05
w 26 35,5 1 0,1
w 27 35,5 1 0,1
w 26,75 33,5 0,5 0,05
w 26,75 32,5 0,5 0,05
w 27,25 33,5 0,5 0,05
w 27,25 32,5 0,5 0,05
w 27 31,5 1 0,1
w 28,5 32 0,1 1
w 28 31,5 1 0,1
w 28,5 33 0,1 1
w 27,75 33,5 0,5 0,05
w 27,75 32,5 0,5 0,05
w 28,25 33,5 0,5 0,05
w 28,25 32,5 0,5 0,05
w 28,5 34 0,1 1
w 28,5 35 0,1 1
w 28 35,5 1 0,1
b 84
w 31,5 36 0,1 1
w 32 35,5 1 0,1
w 31,5 37 0,1 1
w 31,75 37,5 0,5 0,05
w 31,75 36,5 0,5 0,05
w 32,25 37,5 0,5 0,05
w 32,25 36,5 0,5 0,05
w 31,5 38 0,1 1
w 32 38,5 1 0,1
w 33 38,5 1 0,1
w 32,75 37,5 0,5 0,05
w 32,75 36,5 0,5 0,05
w 33,25 37,5 0,5 0,05
w 33,25 36,5 0,5 0,05
w 33 35,5 1 0,1
w 34 35,5 1 0,1
w 33,75 37,5 0,5 0,05
w 33,75 36,5 0,5 0,05
w 34,25 37,5 0,5 0,05
w 34,25 36,5 0,5 0,05
w 34 38,5 1 0,1
w 35 38,5 1 0,1
w 34,75 37,5 0,5 0,05
w 34,75 36,5 0,5 0,05
w 35,25 37,5 0,5 0,05
w 35,25 36,5 0,5 0,05
w 35 35,5 1 0,1
w 36 35,5 1 0,1
w 35,75 37,5 0,5 0,05
w 35,75 36,5 0,5 0,05
w 36,25 37,5 0,5 0,05
w 36,25 36,5 0,5 0,05
w 35,5 39 0,1 1
w 36 39,5 1 0,1
w 37,5 39 0,1 1
w 37 39,5 1 0,1
w 37,5 38 0,1 1
w 37,5 37 0,1 1
w 36,75 37,5 0,5 0,05
w 36,75 36,5 0,5 0,05
w 37,25 37,5 0,5 0,05
w 37,25 36,5 0,5 0,05
w 37,5 36 0,1 1
w 37 35,5 1 0,1
b 85
w 29,5 10 0,1 1
w 30 9,5 1 0,1
w 29,5 11 0,1 1
w 29,75 11,5 0,5 0,05
w 29,75 10,5 0,5 0,05
w 30,25 11,5 0,5 0,05
w 30,25 10,5 0,5 0,05
w 29,5 12 0,1 1
w 29,5 13 0,1 1
w 30 13,5 1 0,1
w 31 13,5 1 0,1
w 30,75 11,5 0,5 0,05
w 30,75 10,5 0,5 0,05
w 31,25 11,5 0,5 0,05
w 31,25 10,5 0,5 0,05
w 31 9,5 1 0,1
w 32 9,5 1 0,1
w 31,75 11,5 0,5 0,05
w 31,75 10,5 0,5 0,05
w 32,25 11,5 0,5 0,05
w 32,25 10,5 0,5 0,05
w 32 13,5 1 0,1
w 33 13,5 1 0,1
w 32,75 11,5 0,5 0,05
w 32,75 10,5 0,5 0,05
w 33,25 11,5 0,5 0,05
w 33,25 10,5 0,5 0,05
w 33 9,5 1 0,1
w 34 9,5 1 0,1
w 33,75 11,5 0,5 0,05
w 33,75 10,5 0,5 0,05
w 34,25 11,5 0,5 0,05
w 34,25 10,5 0,5 0,05
w 34 13,5 1 0,1
w 35,5 13 0,1 1
w 35 13,5 1 0,1
w 35,5 12 0,1 1
w 35,5 11 0,1 1
w 34,75 11,5 0,5 0,05
w 34,75 10,5 0,5 0,05
w 35,25 11,5 0,5 0,05
w 35,25 10,5 0,5 0,05
w 35,5 10 0,1 1
w 35 9,5 1 0,1
b 86
w 11,5 16 0,1 1
w 12 15,5 1 0,1
w 11,5 17 0,1 1
w 11,75 17,5 0,5 0,05
w 11,75 16,5 0,5 0,05
w 12,25 17,5 0,5 0,05
w 12,25 16,5 0,5 0,05
w 11,5 18 0,1 1
w 11,5 19 0,1 1
w 12 19,5 1 0,1
w 13 19,5 1 0,1
w 13,5 19,25 0,05 0,5
w 13,5 18,75 0,05 0,5
w 13,5 18,25 0,05 0,5
w 13,5 17,75 0,05 0,5
w 12,75 17,5 0,5 0,05
w 12,75 16,5 0,5 0,05
w 13,25 17,5 0,5 0,05
w 13,25 16,5 0,5 0,05
w 13 15,5 1 0,1
w 13,5 16,25 0,05 0,5
w 13,5 15,75 0,05 0,5
w 14 15,5 1 0,1
w 13,75 17,5 0,5 0,05
w 13,75 16,5 0,5 0,05
w 14,25 17,5 0,5 0,05
w 14,25 16,5 0,5 0,05
w 14 19,5 1 0,1
w 15 19,5 1 0,1
w 14,75 17,5 0,5 0,05
w 14,75 16,5 0,5 0,05
w 15,25 17,5 0,5 0,05
w 15,25 16,5 0,5 0,05
w 15 15,5 1 0,1
w 16 15,5 1 0,1
w 15,75 17,5 0,5 0,05
w 15,75 16,5 0,5 0,05
w 16,25 17,5 0,5 0,05
w 16,25 16,5 0,5 0,05
w 16 19,5 1 0,1
w 17,5 19 0,1 1
w 17 19,5 1 0,1
w 17,5 18 0,1 1
w 17,5 17 0,1 1
w 16,75 17,5 0,5 0,05
w 16,75 16,5 0,5 0,05
w 17,25 17,5 0,5 0,05
w 17,25 16,5 0,5 0,05
w 17,5 16 0,1 1
w 17 15,5 1 0,1
b 87
w 17,5 16 0,1 1
w 18 15,5 1 0,1
w 17,5 17 0,1 1
w 17,75 17,5 0,5 0,05
w 17,75 16,5 0,5 0,05
w 18,25 17,5 0,5 0,05
w 18,25 16,5 0,5 0,05
w 17,5 18 0,1 1
w 17,5 19 0,1 1
w 18 19,5 1 0,1
w 19 19,5 1 0,1
w 19,5 19,25 0,05 0,5
w 19,5 18,75 0,05 0,5
w 19,5 18,25 0,05 0,5
w 19,5 17,75 0,05 0,5
w 18,75 17,5 0,5 0,05
w 18,75 16,5 0,5 0,05
w 19,25 17,5 0,5 0,05
w 19,25 16,5 0,5 0,05
w 19 15,5 1 0,1
w 19,5 16,25 0,05 0,5
w 19,5 15,75 0,05 0,5
w 20 15,5 1 0,1
w 19,75 17,5 0,5 0,05
w 19,75 16,5 0,5 0,05
w 20,25 17,5 0,5 0,05
w 20,25 16,5 0,5 0,05
w 20 19,5 1 0,1
w 21 19,5 1 0,1
w 20,75 17,5 0,5 0,05
w 20,75 16,5 0,5 0,05
w 21,25 17,5 0,5 0,05
w 21,25 16,5 0,5 0,05
w 21 15,5 1 0,1
w 22,5 16 0,1 1
w 22 15,5 1 0,1
w 22,5 17 0,1 1
w 21,75 17,5 0,5 0,05
w 21,75 16,5 0,5 0,05
w 22,25 17,5 0,5 0,05
w 22,25 16,5 0,5 0,05
w 22,5 18 0,1 1
w 22,5 19 0,1 1
w 22 19,5 1 0,1
b 88
w 29,5 4 0,1 1
w 30 3,5 1 0,1
w 29,5 5 0,1 1
w 29,5 6 0,1 1
w 29,75 6,5 0,5 0,05
w 29,75 5,5 0,5 0,05
w 30,25 6,5 0,5 0,05
w 30,25 5,5 0,5 0,05
w 29,5 7 0,1 1
w 29,5 8 0,1 1
w 29,5 9 0,1 1
w 30 9,5 1 0,1
w 31 9,5 1 0,1
w 30,75 6,5 0,5 0,05
w 30,75 5,5 0,5 0,05
w 31,25 6,5 0,5 0,05
w 31,25 5,5 0,5 0,05
w 31 3,5 1 0,1
w 32 3,5 1 0,1
w 32,5 4,25 0,05 0,5
w 32,5 3,75 0,05 0,5
w 32,5 5,25 0,05 0,5
w 32,5 4,75 0,05 0,5
w 31,75 6,5 0,5 0,05
w 31,75 5,5 0,5 0,05
w 32,25 6,5 0,5 0,05
w 32,25 5,5 0,5 0,05
w 32,5 7,25 0,05 0,5
w 32,5 6,75 0,05 0,5
w 32,5 8,25 0,05 0,5
w 32,5 7,75 0,05 0,5
w 32 9,5 1 0,1
w 32,5 9,25 0,05 0,5
w 32,5 8,75 0,05 0,5
w 33 9,5 1 0,1
w 32,75 6,5 0,5 0,05
w 32,75 5,5 0,5 0,05
w 33,25 6,5 0,5 0,05
w 33,25 5,5 0,5 0,05
w 33 3,5 1 0,1
w 34 3,5 1 0,1
w 33,75 6,5 0,5 0,05
w 33,75 5,5 0,5 0,05
w 34,25 6,5 0,5 0,05
w 34,25 5,5 0,5 0,05
w 34,5 7 0,1 1
w 34 9,5 1 0,1
w 35,5 9 0,1 1
w 35 9,5 1 0,1
w 35,5 8 0,1 1
w 35 7,5 1 0,1
w 35,5 6 0,1 1
w 35 6,5 1 0,1
w 34,75 6,5 0,5 0,05
w 34,75 5,5 0,5 0,05
w 35,25 6,5 0,5 0,05
w 35,25 5,5 0,5 0,05
w 35,5 5 0,1 1
w 35,5 4 0,1 1
w 35 3,5 1 0,1
r 5 0
r 5 1
r 5 2
r 5 4
r 5 5
r 5 6
r 5 12
r 5 13
r 5 14
r 5 16
r 5 17
r 5 18
r 5 36
r 5 37
r 5 38
r 5 40
r 5 41
r 5 42
r 11 0
r 11 1
r 11 2
r 11 16
r 11 17
r 11 18
r 11 20
r 11 21
r 11 22
r 11 28
r 11 29
r 11 30
r 11 36
r 11 37
r 11 38
r 11 40
r 11 41
r 11 42
r 11 44
r 11 45
r 11 46
r 11 47
r 11 48
r 11 49
r 17 0
r 17 1
r 17 2
r 17 8
r 17 9
r 17 10
r 17 12
r 17 13
r 17 14
r 17 28
r 17 29
r 17 30
r 17 44
r 17 45
r 17 46
r 17 47
r 17 48
r 17 49
r 23 0
r 23 1
r 23 2
r 23 24
r 23 25
r 23 26
r 23 32
r 23 33
r 23 34
r 23 36
r 23 37
r 23 38
r 23 44
r 23 45
r 23 46
r 23 47
r 23 48
r 23 49
r 29 0
r 29 1
r 29 2
r 29 4
r 29 5
r 29 6
r 29 8
r 29 9
r 29 10
r 29 12
r 29 13
r 29 14
r 29 16
r 29 17
r 29 18
r 29 24
r 29 25
r 29 26
r 29 32
r 29 33
r 29 34
r 29 44
r 29 45
r 29 46
r 29 47
r 29 48
r 29 49
r 35 16
r 35 17
r 35 18
r 35 32
r 35 33
r 35 34
r 35 40
r 35 41
r 35 42
r 35 44
r 35 45
r 35 46
r 35 47
r 35 48
r 35 49
r 41 0
r 41 1
r 41 2
r 41 4
r 41 5
r 41 6
r 41 12
r 41 13
r 41 14
r 41 16
r 41 17
r 41 18
r 41 24
r 41 25
r 41 26
r 41 28
r 41 29
r 41 30
r 41 32
r 41 33
r 41 34
r 41 40
r 41 41
r 41 42
r 41 44
r 41 45
r 41 46
r 41 47
r 41 48
r 41 49
r 0 3
r 1 3
r 2 3
r 3 3
r 4 3
r 12 3
r 13 3
r 14 3
r 15 3
r 16 3
r 18 3
r 19 3
r 20 3
r 21 3
r 22 3
r 24 3
r 25 3
r 26 3
r 27 3
r 28 3
r 30 3
r 31 3
r 32 3
r 33 3
r 34 3
r 36 3
r 37 3
r 38 3
r 39 3
r 40 3
r 0 7
r 1 7
r 2 7
r 3 7
r 4 7
r 6 7
r 7 7
r 8 7
r 9 7
r 10 7
r 12 7
r 13 7
r 14 7
r 15 7
r 16 7
r 36 7
r 37 7
r 38 7
r 39 7
r 40 7
r 0 11
r 1 11
r 2 11
r 3 11
r 4 11
r 42 11
r 43 11
r 44 11
r 45 11
r 46 11
r 47 11
r 48 11
r 49 11
r 0 15
r 1 15
r 2 15
r 3 15
r 4 15
r 12 15
r 13 15
r 14 15
r 15 15
r 16 15
r 18 15
r 19 15
r 20 15
r 21 15
r 22 15
r 24 15
r 25 15
r 26 15
r 27 15
r 28 15
r 36 15
r 37 15
r 38 15
r 39 15
r 40 15
r 0 19
r 1 19
r 2 19
r 3 19
r 4 19
r 6 19
r 7 19
r 8 19
r 9 19
r 10 19
r 30 19
r 31 19
r 32 19
r 33 19
r 34 19
r 36 19
r 37 19
r 38 19
r 39 19
r 40 19
r 42 19
r 43 19
r 44 19
r 45 19
r 46 19
r 47 19
r 48 19
r 49 19
r 0 23
r 1 23
r 2 23
r 3 23
r 4 23
r 6 23
r 7 23
r 8 23
r 9 23
r 10 23
r 12 23
r 13 23
r 14 23
r 15 23
r 16 23
r 18 23
r 19 23
r 20 23
r 21 23
r 22 23
r 42 23
r 43 23
r 44 23
r 45 23
r 46 23
r 47 23
r 48 23
r 49 23
r 12 27
r 13 27
r 14 27
r 15 27
r 16 27
r 18 27
r 19 27
r 20 27
r 21 27
r 22 27
r 30 27
r 31 27
r 32 27
r 33 27
r 34 27
r 36 27
r 37 27
r 38 27
r 39 27
r 40 27
r 42 27
r 43 27
r 44 27
r 45 27
r 46 27
r 47 27
r 48 27
r 49 27
r 0 31
r 1 31
r 2 31
r 3 31
r 4 31
r 6 31
r 7 31
r 8 31
r 9 31
r 10 31
r 12 31
r 13 31
r 14 31
r 15 31
r 16 31
r 18 31
r 19 31
r 20 31
r 21 31
r 22 31
r 24 31
r 25 31
r 26 31
r 27 31
r 28 31
r 30 31
r 31 31
r 32 31
r 33 31
r 34 31
r 36 31
r 37 31
r 38 31
r 39 31
r 40 31
r 0 35
r 1 35
r 2 35
r 3 35
r 4 35
r 30 35
r 31 35
r 32 35
r 33 35
r 34 35
r 36 35
r 37 35
r 38 35
r 39 35
r 40 35
r 42 35
r 43 35
r 44 35
r 45 35
r 46 35
r 47 35
r 48 35
r 49 35
r 12 39
r 13 39
r 14 39
r 15 39
r 16 39
r 18 39
r 19 39
r 20 39
r 21 39
r 22 39
r 24 39
r 25 39
r 26 39
r 27 39
r 28 39
r 30 39
r 31 39
r 32 39
r 33 39
r 34 39
r 42 39
r 43 39
r 44 39
r 45 39
r 46 39
r 47 39
r 48 39
r 49 39
r 0 43
r 1 43
r 2 43
r 3 43
r 4 43
r 6 43
r 7 43
r 8 43
r 9 43
r 10 43
r 12 43
r 13 43
r 14 43
r 15 43
r 16 43
r 24 43
r 25 43
r 26 43
r 27 43
r 28 43
r 30 43
r 31 43
r 32 43
r 33 43
r 34 43
r 36 43
r 37 43
r 38 43
r 39 43
r 40 43
r 42 43
r 43 43
r 44 43
r 45 43
r 46 43
r 47 43
r 48 43
r 49 43
